START
2116835591
2116835622
2116835653
2116835684
2116835715
2116835746
2116835777
2116835808
2116835839
2116835870
2116835901
2116835932
2116835963
2116835994
2116836025
2116836056
2116836087
2116836118
2116836149
2116836180
2116836211
2116836242
2116836273
2116836304
2116836335
2116836366
2116836397
2116836428
2116836459
2116836490
2116836521
2116836552
2116836583
2116836614
2116836645
2116836676
2116836707
2116836738
2116836769
2116836800
2116836831
2116836862
2116836893
2116836924
2116836955
2116836986
2116837017
2116837048
2116837079
2116837110
2116837141
2116837172
2116837203
2116837234
2116837265
2116837296
2116837327
2116837358
2116837389
2116837420
2116837451
2116837482
2116837513
2116837544
2116837575
2116837606
2116837637
2116837668
2116837699
2116837730
2116837761
2116837792
2116837823
2116837854
2116837885
2116837916
2116837947
2116837978
2116838009
2116838040
2116838071
2116838102
2116838133
2116838164
2116838195
2116838226
2116838257
2116838288
2116838319
2116838350
2116838381
2116838412
2116838443
2116838474
2116838505
2116838536
2116838567
2116838598
2116838629
2116838660
2116838691
2116838722
2116838753
2116838784
2116838815
2116838846
2116838877
2116838908
2116838939
2116838970
2116839001
2116839032
2116839063
2116839094
2116839125
2116839156
2116839187
2116839218
2116839249
2116839280
2116839311
2116839342
2116839373
2116839404
2116839435
2116839466
2116839497
2116839528
2116839559
2116839590
2116839621
2116839652
2116839683
2116839714
2116839745
2116839776
2116839807
2116839838
2116839869
2116839900
2116839931
2116839962
2116839993
2116840024
2116840055
2116840086
2116840117
2116840148
2116840179
2116840210
2116840241
2116840272
2116840303
2116840334
2116840365
2116840396
2116840427
2116840458
2116840489
2116840520
2116840551
2116840582
2116840613
2116840644
2116840675
2116840706
2116840737
2116840768
2116840799
2116840830
2116840861
2116840892
2116840923
2116840954
2116840985
2116841016
2116841047
2116841078
2116841109
2116841140
2116841171
2116841202
2116841233
2116841264
2116841295
2116841326
2116841357
2116841388
2116841419
2116841450
2116841481
2116841512
2116841543
2116841574
2116841605
2116841636
2116841667
2116841698
2116841729
2116841760
2116841791
2116841822
2116841853
2116841884
2116841915
2116841946
2116841977
2116842008
2116842039
2116842070
2116842101
2116842132
2116842163
2116842194
2116842225
2116842256
2116842287
2116842318
2116842349
2116842380
2116842411
2116842442
2116842473
2116842504
2116842535
2116842566
2116842597
2116842628
2116842659
2116842690
2116842721
2116842752
2116842783
2116842814
2116842845
2116842876
2116842907
2116842938
2116842969
2116843000
2116843031
2116843062
2116843093
2116843124
2116843155
2116843186
2116843217
2116843248
2116843279
2116843310
2116843341
2116843372
2116843403
2116843434
2116843465
2116843496
2116843527
2116843558
2116843589
2116843620
2116843651
2116843682
2116843713
2116843744
2116843775
2116843806
2116843837
2116843868
2116843899
2116843930
2116843961
2116843992
2116844023
2116844054
2116844085
2116844116
2116844147
2116844178
2116844209
2116844240
2116844271
2116844302
2116844333
2116844364
2116844395
2116844426
2116844457
2116844488
2116844519
2116844550
2116844581
2116844612
2116844643
2116844674
2116844705
2116844736
2116844767
2116844798
2116844829
2116844860
2116844891
2116844922
2116844953
2116844984
2116845015
2116845046
2116845077
2116845108
2116845139
2116845170
2116845201
2116845232
2116845263
2116845294
2116845325
2116845356
2116845387
2116845418
2116845449
2116845480
2116845511
2116845542
2116845573
2116845604
2116845635
2116845666
2116845697
2116845728
2116845759
2116845790
2116845821
2116845852
2116845883
2116845914
2116845945
2116845976
2116846007
2116846038
2116846069
2116846100
2116846131
2116846162
2116846193
2116846224
2116846255
2116846286
2116846317
2116846348
2116846379
2116846410
2116846441
2116846472
2116846503
2116846534
2116846565
2116846596
2116846627
2116846658
2116846689
2116846720
2116846751
2116846782
2116846813
2116846844
2116846875
2116846906
2116846937
2116846968
2116846999
2116847030
2116847061
2116847092
2116847123
2116847154
2116847185
2116847216
2116847247
2116847278
2116847309
2116847340
2116847371
2116847402
2116847433
2116847464
2116847495
2116847526
2116847557
2116847588
2116847619
2116847650
2116847681
2116847712
2116847743
2116847774
2116847805
2116847836
2116847867
2116847898
2116847929
2116847960
2116847991
2116848022
2116848053
2116848084
2116848115
2116848146
2116848177
2116848208
2116848239
2116848270
2116848301
2116848332
2116848363
2116848394
2116848425
2116848456
2116848487
2116848518
2116848549
2116848580
2116848611
2116848642
2116848673
2116848704
2116848735
2116848766
2116848797
2116848828
2116848859
2116848890
2116848921
2116848952
2116848983
2116849014
2116849045
2116849076
2116849107
2116849138
2116849169
2116849200
2116849231
2116849262
2116849293
2116849324
2116849355
2116849386
2116849417
2116849448
2116849479
2116849510
2116849541
2116849572
2116849603
2116849634
2116849665
2116849696
2116849727
2116849758
2116849789
2116849820
2116849851
2116849882
2116849913
2116849944
2116849975
2116850006
2116850037
2116850068
2116850099
2116850130
2116850161
2116850192
2116850223
2116850254
2116850285
2116850316
2116850347
2116850378
2116850409
2117114064
2117114095
2117114126
2117114157
2117114188
2117114219
2117114250
2117114281
2117114312
2117114343
2117114374
2117114405
2117114436
2117114467
2117114498
2117114529
2117114560
2117114591
2117114622
2117114653
2117114684
2117114715
2117114746
2117114777
2117114808
2117114839
2117114870
2117114901
2117114932
2117114963
2117114994
2117115025
2117115056
2117115087
2117115118
2117115149
2117115180
2117115211
2117115242
2117115273
2117115304
2117115335
2117115366
2117115397
2117115428
2117115459
2117115490
2117115521
2117115552
2117115583
2117115614
2117115645
2117115676
2117115707
2117115738
2117115769
2117115800
2117115831
2117115862
2117115893
2117115924
2117115955
2117115986
2117116017
2117116048
2117116079
2117116110
2117116141
2117116172
2117116203
2117116234
2117116265
2117116296
2117116327
2117116358
2117116389
2117116420
2117116451
2117116482
2117116513
2117116544
2117116575
2117116606
2117116637
2117116668
2117116699
2117116730
2117116761
2117116792
2117116823
2117116854
2117116885
2117116916
2117116947
2117116978
2117117009
2117117040
2117117071
2117117102
2117117133
2117117164
2117117195
2117117226
2117117257
2117117288
2117117319
2117117350
2117117381
2117117412
2117117443
2117117474
2117117505
2117117536
2117117567
2117117598
2117117629
2117117660
2117117691
2117117722
2117117753
2117117784
2117117815
2117117846
2117117877
2117117908
2117117939
2117117970
2117118001
2117118032
2117118063
2117118094
2117118125
2117118156
2117118187
2117118218
2117118249
2117118280
2117118311
2117118342
2117118373
2117118404
2117118435
2117118466
2117118497
2117118528
2117118559
2117118590
2117118621
2117118652
2117118683
2117118714
2117118745
2117118776
2117118807
2117118838
2117118869
2117118900
2117118931
2117118962
2117118993
2117119024
2117119055
2117119086
2117119117
2117119148
2117119179
2117119210
2117119241
2117119272
2117119303
2117119334
2117119365
2117119396
2117119427
2117119458
2117119489
2117119520
2117119551
2117119582
2117119613
2117119644
2117119675
2117119706
2117119737
2117119768
2117119799
2117119830
2117119861
2117119892
2117119923
2117119954
2117119985
2117120016
2117120047
2117120078
2117120109
2117120140
2117120171
2117120202
2117120233
2117120264
2117120295
2117120326
2117120357
2117120388
2117120419
2117120450
2117120481
2117120512
2117120543
2117120574
2117120605
2117120636
2117120667
2117120698
2117120729
2117120760
2117120791
2117120822
2117120853
2117120884
2117120915
2117120946
2117120977
2117121008
2117121039
2117121070
2117121101
2117121132
2117121163
2117121194
2117121225
2117121256
2117121287
2117121318
2117121349
2117121380
2117121411
2117121442
2117121473
2117121504
2117121535
2117121566
2117121597
2117121628
2117121659
2117121690
2117121721
2117121752
2117121783
2117121814
2117121845
2117121876
2117121907
2117121938
2117121969
2117122000
2117122031
2117122062
2117122093
2117122124
2117122155
2117122186
2117122217
2117122248
2117122279
2117122310
2117122341
2117122372
2117122403
2117122434
2117122465
2117122496
2117122527
2117122558
2117122589
2117122620
2117122651
2117122682
2117122713
2117122744
2117122775
2117122806
2117122837
2117122868
2117122899
2117122930
2117122961
2117122992
2117123023
2117123054
2117123085
2117123116
2117123147
2117123178
2117123209
2117123240
2117123271
2117123302
2117123333
2117123364
2117123395
2117123426
2117123457
2117123488
2117123519
2117123550
2117123581
2117123612
2117123643
2117123674
2117123705
2117123736
2117123767
2117123798
2117123829
2117123860
2117123891
2117123922
2117123953
2117123984
2117124015
2117124046
2117124077
2117124108
2117124139
2117124170
2117124201
2117124232
2117124263
2117124294
2117124325
2117124356
2117124387
2117124418
2117124449
2117124480
2117124511
2117124542
2117124573
2117124604
2117124635
2117124666
2117124697
2117124728
2117124759
2117124790
2117124821
2117124852
2117124883
2117124914
2117124945
2117124976
2117125007
2117125038
2117125069
2117125100
2117125131
2117125162
2117125193
2117125224
2117125255
2117125286
2117125317
2117125348
2117125379
2117125410
2117125441
2117125472
2117125503
2117125534
2117125565
2117125596
2117125627
2117125658
2117125689
2117125720
2117125751
2117125782
2117125813
2117125844
2117125875
2117125906
2117125937
2117125968
2117125999
2117126030
2117126061
2117126092
2117126123
2117126154
2117126185
2117126216
2117126247
2117126278
2117126309
2117126340
2117126371
2117126402
2117126433
2117126464
2117126495
2117126526
2117126557
2117126588
2117126619
2117126650
2117126681
2117126712
2117126743
2117126774
2117126805
2117126836
2117126867
2117126898
2117126929
2117126960
2117126991
2117127022
2117127053
2117127084
2117127115
2117127146
2117127177
2117127208
2117127239
2117127270
2117127301
2117127332
2117127363
2117127394
2117127425
2117127456
2117127487
2117127518
2117127549
2117127580
2117127611
2117127642
2117127673
2117127704
2117127735
2117127766
2117127797
2117127828
2117127859
2117127890
2117127921
2117127952
2117127983
2117128014
2117128045
2117128076
2117128107
2117128138
2117128169
2117128200
2117128231
2117128262
2117128293
2117128324
2117128355
2117128386
2117128417
2117128448
2117128479
2117128510
2117128541
2117128572
2117128603
2117128634
2117128665
2117128696
2117128727
2117128758
2117128789
2117128820
2117128851
2117128882
2117128913
2117128944
2117128975
2117129006
2117129037
2117129068
2117129099
2117129130
2117129161
2117129192
2117129223
2117129254
2117129285
2117129316
2117129347
2117129378
2117129409
2117129440
2117129471
2117129502
2117129533
2117129564
2117129595
2117129626
2117129657
2117129688
2117129719
2117129750
2117129781
2117129812
2117129843
2117129874
2117129905
2117129936
2117129967
2117129998
2117130029
2117130060
2117130091
2117130122
2117130153
2117130184
2117130215
2117130246
2117130277
2117130308
2117130339
2117130370
2117130401
2117130432
2117130463
2117130494
2117130525
2117130556
2117130587
2117130618
2117130649
2117130680
2117130711
2117130742
2117130773
2117130804
2117130835
2117130866
2117130897
2117130928
2117130959
2117130990
2117131021
2117131052
2117131083
2117131114
2117131145
2117131176
2117131207
2117131238
2117131269
2117131300
2117131331
2117131362
2117131393
2117131424
2117131455
2117131486
2117131517
2117131548
2117131579
2117131610
2117131641
2117131672
2117131703
2117131734
2117131765
2117131796
2117131827
2117131858
2117131889
2117131920
2117131951
2117131982
2117132013
2117132044
2117132075
2117132106
2117132137
2117132168
2117132199
2117132230
2117132261
2117132292
2117132323
2117132354
2117132385
2117132416
2117132447
2117132478
2117132509
2117132540
2117132571
2117132602
2117132633
2117132664
2117132695
2117132726
2117132757
2117132788
2117132819
2117132850
2117132881
2117132912
2117132943
2117132974
2117133005
2117133036
2117133067
2117133098
2117133129
2117133160
2117133191
2117133222
2117133253
2117133284
2117133315
2117133346
2117133377
2117133408
2117133439
2117133470
2117133501
2117133532
2117133563
2117133594
2117133625
2117133656
2117133687
2117133718
2117133749
2117133780
2117133811
2117133842
2117133873
2117133904
2117133935
2117133966
2117133997
2117134028
2117134059
2117134090
2117134121
2117134152
2117134183
2117134214
2117134245
2117134276
2117134307
2117134338
2117134369
2117134400
2117134431
2117134462
2117134493
2117134524
2117134555
2117134586
2117134617
2117134648
2117134679
2117134710
2117134741
2117134772
2117134803
2117134834
2117134865
2117134896
2117134927
2117134958
2117134989
2117278736
2117278767
2117278798
2117278829
2117278860
2117278891
2117278922
2117278953
2117278984
2117279015
2117279046
2117279077
2117279108
2117279139
2117279170
2117279201
2117279232
2117279263
2117279294
2117279325
2117279356
2117279387
2117279418
2117279449
2117279480
2117279511
2117279542
2117279573
2117279604
2117279635
2117279666
2117279697
2117279728
2117279759
2117279790
2117279821
2117279852
2117279883
2117279914
2117279945
2117279976
2117280007
2117280038
2117280069
2117280100
2117280131
2117280162
2117280193
2117280224
2117280255
2117280286
2117280317
2117280348
2117280379
2117280410
2117280441
2117280472
2117280503
2117280534
2117280565
2117280596
2117280627
2117280658
2117280689
2117280720
2117280751
2117280782
2117280813
2117280844
2117280875
2117280906
2117280937
2117280968
2117280999
2117281030
2117281061
2117281092
2117281123
2117281154
2117281185
2117281216
2117281247
2117281278
2117281309
2117281340
2117281371
2117281402
2117281433
2117281464
2117281495
2117281526
2117281557
2117281588
2117281619
2117281650
2117281681
2117281712
2117281743
2117281774
2117281805
2117281836
2117281867
2117281898
2117281929
2117281960
2117281991
2117282022
2117282053
2117282084
2117282115
2117282146
2117282177
2117282208
2117282239
2117282270
2117282301
2117282332
2117282363
2117282394
2117282425
2117282456
2117282487
2117282518
2117282549
2117282580
2117282611
2117282642
2117282673
2117282704
2117282735
2117282766
2117282797
2117282828
2117282859
2117282890
2117282921
2117282952
2117282983
2117283014
2117283045
2117283076
2117283107
2117283138
2117283169
2117283200
2117283231
2117283262
2117283293
2117283324
2117283355
2117283386
2117283417
2117283448
2117283479
2117283510
2117283541
2117283572
2117283603
2117283634
2117283665
2117283696
2117283727
2117283758
2117283789
2117283820
2117283851
2117283882
2117283913
2117283944
2117283975
2117284006
2117284037
2117284068
2117284099
2117284130
2117284161
2117284192
2117284223
2117284254
2117284285
2117284316
2117284347
2117284378
2117284409
2117284440
2117284471
2117284502
2117284533
2117284564
2117284595
2117284626
2117284657
2117284688
2117284719
2117284750
2117284781
2117284812
2117284843
2117284874
2117284905
2117284936
2117284967
2117284998
2117285029
2117285060
2117285091
2117285122
2117285153
2117285184
2117285215
2117285246
2117285277
2117285308
2117285339
2117285370
2117285401
2117285432
2117285463
2117285494
2117285525
2117285556
2117285587
2117285618
2117285649
2117285680
2117285711
2117285742
2117285773
2117285804
2117285835
2117285866
2117285897
2117285928
2117285959
2117285990
2117286021
2117286052
2117286083
2117286114
2117286145
2117286176
2117286207
2117286238
2117286269
2117286300
2117286331
2117286362
2117286393
2117286424
2117286455
2117286486
2117286517
2117286548
2117286579
2117286610
2117286641
2117286672
2117286703
2117286734
2117286765
2117286796
2117286827
2117286858
2117286889
2117286920
2117286951
2117286982
2117287013
2117287044
2117287075
2117287106
2117287137
2117287168
2117287199
2117287230
2117287261
2117287292
2117287323
2117287354
2117287385
2117287416
2117287447
2117287478
2117287509
2117287540
2117287571
2117287602
2117287633
2117287664
2117287695
2117287726
2117287757
2117287788
2117287819
2117287850
2117287881
2117287912
2117287943
2117287974
2117288005
2117288036
2117288067
2117288098
2117288129
2117288160
2117288191
2117288222
2117288253
2117288284
2117288315
2117288346
2117288377
2117288408
2117288439
2117288470
2117288501
2117288532
2117288563
2117288594
2117288625
2117288656
2117288687
2117288718
2117288749
2117288780
2117288811
2117288842
2117288873
2117288904
2117288935
2117288966
2117288997
2117289028
2117289059
2117289090
2117289121
2117289152
2117289183
2117289214
2117289245
2117289276
2117289307
2117289338
2117289369
2117289400
2117289431
2117289462
2117289493
2117289524
2117289555
2117289586
2117289617
2117289648
2117289679
2117289710
2117289741
2117289772
2117289803
2117289834
2117289865
2117289896
2117289927
2117289958
2117289989
2117290020
2117290051
2117290082
2117290113
2117290144
2117290175
2117290206
2117290237
2117290268
2117290299
2117290330
2117290361
2117290392
2117290423
2117290454
2117290485
2117290516
2117290547
2117290578
2117290609
2117290640
2117290671
2117290702
2117290733
2117290764
2117290795
2117290826
2117290857
2117290888
2117290919
2117290950
2117290981
2117291012
2117291043
2117291074
2117291105
2117291136
2117291167
2117291198
2117291229
2117291260
2117291291
2117291322
2117291353
2117291384
2117291415
2117291446
2117291477
2117291508
2117291539
2117291570
2117291601
2117291632
2117291663
2117291694
2117291725
2117291756
2117291787
2117291818
2117291849
2117291880
2117291911
2117291942
2117291973
2117292004
2117292035
2117292066
2117292097
2117292128
2117292159
2117292190
2117292221
2117292252
2117292283
2117292314
2117292345
2117292376
2117292407
2117292438
2117292469
2117292500
2117292531
2117292562
2117292593
2117292624
2117292655
2117292686
2117292717
2117292748
2117292779
2117292810
2117292841
2117292872
2117292903
2117292934
2117292965
2117292996
2117293027
2117293058
2117293089
2117293120
2117293151
2117293182
2117293213
2117293244
2117293275
2117293306
2117293337
2117293368
2117293399
2117293430
2117293461
2117293492
2117293523
2117293554
2117293585
2117293616
2117293647
2117293678
2117293709
2117293740
2117293771
2117293802
2117293833
2117293864
2117293895
2117293926
2117293957
2117293988
2117294019
2117294050
2117294081
2117294112
2117294143
2117294174
2117294205
2117294236
2117294267
2117294298
2117294329
2117294360
2117294391
2117294422
2117294453
2117294484
2117294515
2117294546
2117294577
2117294608
2117294639
2117294670
2117294701
2117294732
2117294763
2117294794
2117294825
2117294856
2117294887
2117294918
2117294949
2117294980
2117295011
2117295042
2117295073
2117295104
2117295135
2117295166
2117295197
2117295228
2117295259
2117295290
2117295321
2117295352
2117295383
2117295414
2117295445
2117295476
2117295507
2117295538
2117295569
2117295600
2117295631
2117295662
2117295693
2117295724
2117295755
2117295786
2117295817
2117295848
2117295879
2117295910
2117295941
2117295972
2117296003
2117296034
2117296065
2117296096
2117296127
2117296158
2117296189
2117296220
2117296251
2117296282
2117296313
2117296344
2117296375
2117296406
2117296437
2117296468
2117296499
2117296530
2117296561
2117296592
2117296623
2117296654
2117296685
2117296716
2117296747
2117296778
2117296809
2117296840
2117296871
2117296902
2117296933
2117296964
2117296995
2117297026
2117297057
2117297088
2117297119
2117297150
2117297181
2117297212
2117297243
2117297274
2117297305
2117297336
2117297367
2117297398
2117297429
2117297460
2117297491
2117297522
2117297553
2117297584
2117297615
2117297646
2117297677
2117297708
2117297739
2117297770
2117297801
2117297832
2117297863
2117297894
2117297925
2117297956
2117297987
2117298018
2117298049
2117298080
2117298111
2117298142
2117298173
2117298204
2117298235
2117298266
2117298297
2117298328
2117298359
2117298390
2117298421
2117298452
2117298483
2117298514
2117298545
2117298576
2117298607
2117298638
2117298669
2117298700
2117298731
2117298762
2117298793
2117298824
2117298855
2117298886
2117298917
2117298948
2117298979
2117299010
2117299041
2117299072
2117299103
2117299134
2117299165
2117299196
2117299227
2117299258
2117299289
2117299320
2117299351
2117299382
2117299413
2117299444
2117299475
2117299506
2117299537
2117299568
2117299599
2117299630
2117299661
2117299692
2117299723
2117299754
2117299785
2117299816
2117299847
2117299878
2117447159
2117447190
2117447221
2117447252
2117447283
2117447314
2117447345
2117447376
2117447407
2117447438
2117447469
2117447500
2117447531
2117447562
2117447593
2117447624
2117447655
2117447686
2117447717
2117447748
2117447779
2117447810
2117447841
2117447872
2117447903
2117447934
2117447965
2117447996
2117448027
2117448058
2117448089
2117448120
2117448151
2117448182
2117448213
2117448244
2117448275
2117448306
2117448337
2117448368
2117448399
2117448430
2117448461
2117448492
2117448523
2117448554
2117448585
2117448616
2117448647
2117448678
2117448709
2117448740
2117448771
2117448802
2117448833
2117448864
2117448895
2117448926
2117448957
2117448988
2117449019
2117449050
2117449081
2117449112
2117449143
2117449174
2117449205
2117449236
2117449267
2117449298
2117449329
2117449360
2117449391
2117449422
2117449453
2117449484
2117449515
2117449546
2117449577
2117449608
2117449639
2117449670
2117449701
2117449732
2117449763
2117449794
2117449825
2117449856
2117449887
2117449918
2117449949
2117449980
2117450011
2117450042
2117450073
2117450104
2117450135
2117450166
2117450197
2117450228
2117450259
2117450290
2117450321
2117450352
2117450383
2117450414
2117450445
2117450476
2117450507
2117450538
2117450569
2117450600
2117450631
2117450662
2117450693
2117450724
2117450755
2117450786
2117450817
2117450848
2117450879
2117450910
2117450941
2117450972
2117451003
2117451034
2117451065
2117451096
2117451127
2117451158
2117451189
2117451220
2117451251
2117451282
2117451313
2117451344
2117451375
2117451406
2117451437
2117451468
2117451499
2117451530
2117451561
2117451592
2117451623
2117451654
2117451685
2117451716
2117451747
2117451778
2117451809
2117451840
2117451871
2117451902
2117451933
2117451964
2117451995
2117452026
2117452057
2117452088
2117452119
2117452150
2117452181
2117452212
2117452243
2117452274
2117452305
2117452336
2117452367
2117452398
2117452429
2117452460
2117452491
2117452522
2117452553
2117452584
2117452615
2117452646
2117452677
2117452708
2117452739
2117452770
2117452801
2117452832
2117452863
2117452894
2117452925
2117452956
2117452987
2117453018
2117453049
2117453080
2117453111
2117453142
2117453173
2117453204
2117453235
2117453266
2117453297
2117453328
2117453359
2117453390
2117453421
2117453452
2117453483
2117453514
2117453545
2117453576
2117453607
2117453638
2117453669
2117453700
2117453731
2117453762
2117453793
2117453824
2117453855
2117453886
2117453917
2117453948
2117453979
2117454010
2117454041
2117454072
2117454103
2117454134
2117454165
2117454196
2117454227
2117454258
2117454289
2117454320
2117454351
2117454382
2117454413
2117454444
2117454475
2117454506
2117454537
2117454568
2117454599
2117454630
2117454661
2117454692
2117454723
2117454754
2117454785
2117454816
2117454847
2117454878
2117454909
2117454940
2117454971
2117455002
2117455033
2117455064
2117455095
2117455126
2117455157
2117455188
2117455219
2117455250
2117455281
2117455312
2117455343
2117455374
2117455405
2117455436
2117455467
2117455498
2117455529
2117455560
2117455591
2117455622
2117455653
2117455684
2117455715
2117455746
2117455777
2117455808
2117455839
2117455870
2117455901
2117455932
2117455963
2117455994
2117456025
2117456056
2117456087
2117456118
2117456149
2117456180
2117456211
2117456242
2117456273
2117456304
2117456335
2117456366
2117456397
2117456428
2117456459
2117456490
2117456521
2117456552
2117456583
2117456614
2117456645
2117456676
2117456707
2117456738
2117456769
2117456800
2117456831
2117456862
2117456893
2117456924
2117456955
2117456986
2117457017
2117457048
2117457079
2117457110
2117457141
2117457172
2117457203
2117457234
2117457265
2117457296
2117457327
2117457358
2117457389
2117457420
2117457451
2117457482
2117457513
2117457544
2117457575
2117457606
2117457637
2117457668
2117457699
2117457730
2117457761
2117457792
2117457823
2117457854
2117457885
2117457916
2117457947
2117457978
2117458009
2117458040
2117458071
2117458102
2117458133
2117458164
2117458195
2117458226
2117458257
2117458288
2117458319
2117458350
2117458381
2117458412
2117458443
2117458474
2117458505
2117458536
2117458567
2117458598
2117458629
2117458660
2117458691
2117458722
2117458753
2117458784
2117458815
2117458846
2117458877
2117458908
2117458939
2117458970
2117459001
2117459032
2117459063
2117459094
2117459125
2117459156
2117459187
2117459218
2117459249
2117459280
2117459311
2117459342
2117459373
2117459404
2117459435
2117459466
2117459497
2117459528
2117459559
2117459590
2117459621
2117459652
2117459683
2117459714
2117459745
2117459776
2117459807
2117459838
2117459869
2117459900
2117459931
2117459962
2117459993
2117460024
2117460055
2117460086
2117460117
2117460148
2117460179
2117460210
2117460241
2117460272
2117460303
2117460334
2117460365
2117460396
2117460427
2117460458
2117460489
2117460520
2117460551
2117460582
2117460613
2117460644
2117460675
2117460706
2117460737
2117460768
2117460799
2117460830
2117460861
2117460892
2117460923
2117460954
2117460985
2117461016
2117461047
2117461078
2117461109
2117461140
2117461171
2117461202
2117461233
2117461264
2117461295
2117461326
2117461357
2117461388
2117461419
2117461450
2117461481
2117461512
2117461543
2117461574
2117461605
2117461636
2117461667
2117461698
2117461729
2117461760
2117461791
2117461822
2117461853
2117461884
2117461915
2117461946
2117461977
2117462008
2117462039
2117462070
2117462101
2117462132
2117462163
2117462194
2117462225
2117462256
2117462287
2117462318
2117462349
2117462380
2117462411
2117462442
2117462473
2117462504
2117462535
2117462566
2117462597
2117462628
2117462659
2117462690
2117462721
2117462752
2117462783
2117462814
2117462845
2117462876
2117462907
2117462938
2117462969
2117463000
2117463031
2117463062
2117463093
2117463124
2117463155
2117463186
2117463217
2117463248
2117463279
2117463310
2117463341
2117463372
2117463403
2117463434
2117463465
2117463496
2117463527
2117463558
2117463589
2117463620
2117463651
2117463682
2117463713
2117463744
2117463775
2117463806
2117463837
2117463868
2117463899
2117463930
2117463961
2117463992
2117464023
2117464054
2117464085
2117464116
2117464147
2117464178
2117464209
2117464240
2117464271
2117464302
2117464333
2117464364
2117464395
2117464426
2117464457
2117464488
2117464519
2117464550
2117464581
2117464612
2117464643
2117464674
2117464705
2117464736
2117464767
2117464798
2117464829
2117464860
2117464891
2117464922
2117464953
2117464984
2117465015
2117465046
2117465077
2117465108
2117465139
2117465170
2117465201
2117465232
2117465263
2117465294
2117465325
2117465356
2117465387
2117465418
2117465449
2117465480
2117465511
2117465542
2117465573
2117465604
2117465635
2117465666
2117465697
2117465728
2117465759
2117465790
2117465821
2117465852
2117465883
2117465914
2117465945
2117465976
2117466007
2117466038
2117466069
2117466100
2117466131
2117466162
2117466193
2117466224
2117466255
2117466286
2117466317
2117466348
2117466379
2117466410
2117466441
2117466472
2117466503
2117466534
2117466565
2117466596
2117466627
2117466658
2117466689
2117466720
2117466751
2117466782
2117466813
2117466844
2117466875
2117466906
2117466937
2117466968
2117466999
2117467030
2117467061
2117467092
2117467123
2117467154
2117467185
2117467216
2117467247
2117467278
2117467309
2117467340
2117467371
2117467402
2117467433
2117467464
2117467495
2117467526
2117467557
2117467588
2117467619
2117467650
2117467681
2117467712
2117467743
2117467774
2117467805
2117467836
2117467867
2117467898
2117467929
2117467960
2117467991
2117468022
2117468053
2117468084
2117468115
2117468146
2117468177
2117468208
2117468239
2117468270
2117468301
2117468332
2117468363
2117468394
2117468425
2117468456
2117468487
2117468518
2117605600
2117605631
2117605662
2117605693
2117605724
2117605755
2117605786
2117605817
2117605848
2117605879
2117605910
2117605941
2117605972
2117606003
2117606034
2117606065
2117606096
2117606127
2117606158
2117606189
2117606220
2117606251
2117606282
2117606313
2117606344
2117606375
2117606406
2117606437
2117606468
2117606499
2117606530
2117606561
2117606592
2117606623
2117606654
2117606685
2117606716
2117606747
2117606778
2117606809
2117606840
2117606871
2117606902
2117606933
2117606964
2117606995
2117607026
2117607057
2117607088
2117607119
2117607150
2117607181
2117607212
2117607243
2117607274
2117607305
2117607336
2117607367
2117607398
2117607429
2117607460
2117607491
2117607522
2117607553
2117607584
2117607615
2117607646
2117607677
2117607708
2117607739
2117607770
2117607801
2117607832
2117607863
2117607894
2117607925
2117607956
2117607987
2117608018
2117608049
2117608080
2117608111
2117608142
2117608173
2117608204
2117608235
2117608266
2117608297
2117608328
2117608359
2117608390
2117608421
2117608452
2117608483
2117608514
2117608545
2117608576
2117608607
2117608638
2117608669
2117608700
2117608731
2117608762
2117608793
2117608824
2117608855
2117608886
2117608917
2117608948
2117608979
2117609010
2117609041
2117609072
2117609103
2117609134
2117609165
2117609196
2117609227
2117609258
2117609289
2117609320
2117609351
2117609382
2117609413
2117609444
2117609475
2117609506
2117609537
2117609568
2117609599
2117609630
2117609661
2117609692
2117609723
2117609754
2117609785
2117609816
2117609847
2117609878
2117609909
2117609940
2117609971
2117610002
2117610033
2117610064
2117610095
2117610126
2117610157
2117610188
2117610219
2117610250
2117610281
2117610312
2117610343
2117610374
2117610405
2117610436
2117610467
2117610498
2117610529
2117610560
2117610591
2117610622
2117610653
2117610684
2117610715
2117610746
2117610777
2117610808
2117610839
2117610870
2117610901
2117610932
2117610963
2117610994
2117611025
2117611056
2117611087
2117611118
2117611149
2117611180
2117611211
2117611242
2117611273
2117611304
2117611335
2117611366
2117611397
2117611428
2117611459
2117611490
2117611521
2117611552
2117611583
2117611614
2117611645
2117611676
2117611707
2117611738
2117611769
2117611800
2117611831
2117611862
2117611893
2117611924
2117611955
2117611986
2117612017
2117612048
2117612079
2117612110
2117612141
2117612172
2117612203
2117612234
2117612265
2117612296
2117612327
2117612358
2117612389
2117612420
2117612451
2117612482
2117612513
2117612544
2117612575
2117612606
2117612637
2117612668
2117612699
2117612730
2117612761
2117612792
2117612823
2117612854
2117612885
2117612916
2117612947
2117612978
2117613009
2117613040
2117613071
2117613102
2117613133
2117613164
2117613195
2117613226
2117613257
2117613288
2117613319
2117613350
2117613381
2117613412
2117613443
2117613474
2117613505
2117613536
2117613567
2117613598
2117613629
2117613660
2117613691
2117613722
2117613753
2117613784
2117613815
2117613846
2117613877
2117613908
2117613939
2117613970
2117614001
2117614032
2117614063
2117614094
2117614125
2117614156
2117614187
2117614218
2117614249
2117614280
2117614311
2117614342
2117614373
2117614404
2117614435
2117614466
2117614497
2117614528
2117614559
2117614590
2117614621
2117614652
2117614683
2117614714
2117614745
2117614776
2117614807
2117614838
2117614869
2117614900
2117614931
2117614962
2117614993
2117615024
2117615055
2117615086
2117615117
2117615148
2117615179
2117615210
2117615241
2117615272
2117615303
2117615334
2117615365
2117615396
2117615427
2117615458
2117615489
2117615520
2117615551
2117615582
2117615613
2117615644
2117615675
2117615706
2117615737
2117615768
2117615799
2117615830
2117615861
2117615892
2117615923
2117615954
2117615985
2117616016
2117616047
2117616078
2117616109
2117616140
2117616171
2117616202
2117616233
2117616264
2117616295
2117616326
2117616357
2117616388
2117616419
2117616450
2117616481
2117616512
2117616543
2117616574
2117616605
2117616636
2117616667
2117616698
2117616729
2117616760
2117616791
2117616822
2117616853
2117616884
2117616915
2117616946
2117616977
2117617008
2117617039
2117617070
2117617101
2117617132
2117617163
2117617194
2117617225
2117617256
2117617287
2117617318
2117617349
2117617380
2117617411
2117617442
2117617473
2117617504
2117617535
2117617566
2117617597
2117617628
2117617659
2117617690
2117617721
2117617752
2117617783
2117617814
2117617845
2117617876
2117617907
2117617938
2117617969
2117618000
2117618031
2117618062
2117618093
2117618124
2117618155
2117618186
2117618217
2117618248
2117618279
2117618310
2117618341
2117618372
2117618403
2117618434
2117618465
2117618496
2117618527
2117618558
2117618589
2117618620
2117618651
2117618682
2117618713
2117618744
2117618775
2117618806
2117618837
2117618868
2117618899
2117618930
2117618961
2117618992
2117619023
2117619054
2117619085
2117619116
2117619147
2117619178
2117619209
2117619240
2117619271
2117619302
2117619333
2117619364
2117619395
2117619426
2117619457
2117619488
2117619519
2117619550
2117619581
2117619612
2117619643
2117619674
2117619705
2117619736
2117619767
2117619798
2117619829
2117619860
2117619891
2117619922
2117619953
2117619984
2117620015
2117620046
2117620077
2117620108
2117620139
2117620170
2117620201
2117620232
2117620263
2117620294
2117620325
2117620356
2117620387
2117620418
2117620449
2117620480
2117620511
2117620542
2117620573
2117620604
2117620635
2117620666
2117620697
2117620728
2117620759
2117620790
2117620821
2117620852
2117620883
2117620914
2117620945
2117620976
2117621007
2117621038
2117621069
2117621100
2117621131
2117621162
2117621193
2117621224
2117621255
2117621286
2117621317
2117621348
2117621379
2117621410
2117621441
2117621472
2117621503
2117621534
2117621565
2117621596
2117621627
2117621658
2117621689
2117621720
2117621751
2117621782
2117621813
2117621844
2117621875
2117621906
2117621937
2117621968
2117621999
2117622030
2117622061
2117622092
2117622123
2117622154
2117622185
2117622216
2117622247
2117622278
2117622309
2117622340
2117622371
2117622402
2117622433
2117622464
2117622495
2117622526
2117622557
2117622588
2117622619
2117622650
2117622681
2117622712
2117622743
2117622774
2117622805
2117622836
2117622867
2117622898
2117622929
2117622960
2117622991
2117623022
2117623053
2117623084
2117623115
2117623146
2117623177
2117623208
2117623239
2117623270
2117623301
2117623332
2117623363
2117623394
2117623425
2117623456
2117623487
2117623518
2117623549
2117623580
2117623611
2117623642
2117623673
2117623704
2117623735
2117623766
2117623797
2117623828
2117623859
2117623890
2117623921
2117623952
2117623983
2117624014
2117624045
2117624076
2117624107
2117624138
2117624169
2117624200
2117624231
2117624262
2117624293
2117624324
2117624355
2117624386
2117624417
2117624448
2117624479
2117624510
2117624541
2117624572
2117624603
2117624634
2117624665
2117624696
2117624727
2117624758
2117624789
2117624820
2117624851
2117624882
2117624913
2117624944
2117624975
2117625006
2117625037
2117625068
2117625099
2117625130
2117625161
2117625192
2117625223
2117625254
2117625285
2117625316
2117625347
2117625378
2117625409
2117625440
2117625471
2117625502
2117625533
2117625564
2117625595
2117625626
2117625657
2117625688
2117625719
2117625750
2117625781
2117625812
2117625843
2117625874
2117625905
2117625936
2117625967
2117625998
2117626029
2117626060
2117626091
2117626122
2117626153
2117626184
2117626215
2117626246
2117626277
2117626308
2117626339
2117626370
2117626401
2117626432
2117626463
2117626494
2117626525
2117626556
2117626587
2117626618
2117626649
2117626680
2117626711
2117626742
2117626773
2117626804
2117626835
2117626866
2117626897
2117626928
2117626959
2117626990
2117627021
2117627052
2117627083
2117627114
2117627145
2117627176
2117627207
2117627238
2117627269
2117627300
2117627331
2117627362
2117760786
2117760817
2117760848
2117760879
2117760910
2117760941
2117760972
2117761003
2117761034
2117761065
2117761096
2117761127
2117761158
2117761189
2117761220
2117761251
2117761282
2117761313
2117761344
2117761375
2117761406
2117761437
2117761468
2117761499
2117761530
2117761561
2117761592
2117761623
2117761654
2117761685
2117761716
2117761747
2117761778
2117761809
2117761840
2117761871
2117761902
2117761933
2117761964
2117761995
2117762026
2117762057
2117762088
2117762119
2117762150
2117762181
2117762212
2117762243
2117762274
2117762305
2117762336
2117762367
2117762398
2117762429
2117762460
2117762491
2117762522
2117762553
2117762584
2117762615
2117762646
2117762677
2117762708
2117762739
2117762770
2117762801
2117762832
2117762863
2117762894
2117762925
2117762956
2117762987
2117763018
2117763049
2117763080
2117763111
2117763142
2117763173
2117763204
2117763235
2117763266
2117763297
2117763328
2117763359
2117763390
2117763421
2117763452
2117763483
2117763514
2117763545
2117763576
2117763607
2117763638
2117763669
2117763700
2117763731
2117763762
2117763793
2117763824
2117763855
2117763886
2117763917
2117763948
2117763979
2117764010
2117764041
2117764072
2117764103
2117764134
2117764165
2117764196
2117764227
2117764258
2117764289
2117764320
2117764351
2117764382
2117764413
2117764444
2117764475
2117764506
2117764537
2117764568
2117764599
2117764630
2117764661
2117764692
2117764723
2117764754
2117764785
2117764816
2117764847
2117764878
2117764909
2117764940
2117764971
2117765002
2117765033
2117765064
2117765095
2117765126
2117765157
2117765188
2117765219
2117765250
2117765281
2117765312
2117765343
2117765374
2117765405
2117765436
2117765467
2117765498
2117765529
2117765560
2117765591
2117765622
2117765653
2117765684
2117765715
2117765746
2117765777
2117765808
2117765839
2117765870
2117765901
2117765932
2117765963
2117765994
2117766025
2117766056
2117766087
2117766118
2117766149
2117766180
2117766211
2117766242
2117766273
2117766304
2117766335
2117766366
2117766397
2117766428
2117766459
2117766490
2117766521
2117766552
2117766583
2117766614
2117766645
2117766676
2117766707
2117766738
2117766769
2117766800
2117766831
2117766862
2117766893
2117766924
2117766955
2117766986
2117767017
2117767048
2117767079
2117767110
2117767141
2117767172
2117767203
2117767234
2117767265
2117767296
2117767327
2117767358
2117767389
2117767420
2117767451
2117767482
2117767513
2117767544
2117767575
2117767606
2117767637
2117767668
2117767699
2117767730
2117767761
2117767792
2117767823
2117767854
2117767885
2117767916
2117767947
2117767978
2117768009
2117768040
2117768071
2117768102
2117768133
2117768164
2117768195
2117768226
2117768257
2117768288
2117768319
2117768350
2117768381
2117768412
2117768443
2117768474
2117768505
2117768536
2117768567
2117768598
2117768629
2117768660
2117768691
2117768722
2117768753
2117768784
2117768815
2117768846
2117768877
2117768908
2117768939
2117768970
2117769001
2117769032
2117769063
2117769094
2117769125
2117769156
2117769187
2117769218
2117769249
2117769280
2117769311
2117769342
2117769373
2117769404
2117769435
2117769466
2117769497
2117769528
2117769559
2117769590
2117769621
2117769652
2117769683
2117769714
2117769745
2117769776
2117769807
2117769838
2117769869
2117769900
2117769931
2117769962
2117769993
2117770024
2117770055
2117770086
2117770117
2117770148
2117770179
2117770210
2117770241
2117770272
2117770303
2117770334
2117770365
2117770396
2117770427
2117770458
2117770489
2117770520
2117770551
2117770582
2117770613
2117770644
2117770675
2117770706
2117770737
2117770768
2117770799
2117770830
2117770861
2117770892
2117770923
2117770954
2117770985
2117771016
2117771047
2117771078
2117771109
2117771140
2117771171
2117771202
2117771233
2117771264
2117771295
2117771326
2117771357
2117771388
2117771419
2117771450
2117771481
2117771512
2117771543
2117771574
2117771605
2117771636
2117771667
2117771698
2117771729
2117771760
2117771791
2117771822
2117771853
2117771884
2117771915
2117771946
2117771977
2117772008
2117772039
2117772070
2117772101
2117772132
2117772163
2117772194
2117772225
2117772256
2117772287
2117772318
2117772349
2117772380
2117772411
2117772442
2117772473
2117772504
2117772535
2117772566
2117772597
2117772628
2117772659
2117772690
2117772721
2117772752
2117772783
2117772814
2117772845
2117772876
2117772907
2117772938
2117772969
2117773000
2117773031
2117773062
2117773093
2117773124
2117773155
2117773186
2117773217
2117773248
2117773279
2117773310
2117773341
2117773372
2117773403
2117773434
2117773465
2117773496
2117773527
2117773558
2117773589
2117773620
2117773651
2117773682
2117773713
2117773744
2117773775
2117773806
2117773837
2117773868
2117773899
2117773930
2117773961
2117773992
2117774023
2117774054
2117774085
2117774116
2117774147
2117774178
2117774209
2117774240
2117774271
2117774302
2117774333
2117774364
2117774395
2117774426
2117774457
2117774488
2117774519
2117774550
2117774581
2117774612
2117774643
2117774674
2117774705
2117774736
2117774767
2117774798
2117774829
2117774860
2117774891
2117774922
2117774953
2117774984
2117775015
2117775046
2117775077
2117775108
2117775139
2117775170
2117775201
2117775232
2117775263
2117775294
2117775325
2117775356
2117775387
2117775418
2117775449
2117775480
2117775511
2117775542
2117775573
2117775604
2117775635
2117775666
2117775697
2117775728
2117775759
2117775790
2117775821
2117775852
2117775883
2117775914
2117775945
2117775976
2117776007
2117776038
2117776069
2117776100
2117776131
2117776162
2117776193
2117776224
2117776255
2117776286
2117776317
2117776348
2117776379
2117776410
2117776441
2117776472
2117776503
2117776534
2117776565
2117776596
2117776627
2117776658
2117776689
2117776720
2117776751
2117776782
2117776813
2117776844
2117776875
2117776906
2117776937
2117776968
2117776999
2117777030
2117777061
2117777092
2117777123
2117777154
2117777185
2117777216
2117777247
2117777278
2117777309
2117777340
2117777371
2117777402
2117777433
2117777464
2117777495
2117777526
2117777557
2117777588
2117777619
2117777650
2117777681
2117777712
2117777743
2117777774
2117777805
2117777836
2117777867
2117777898
2117777929
2117777960
2117777991
2117778022
2117778053
2117778084
2117778115
2117778146
2117778177
2117778208
2117778239
2117778270
2117778301
2117778332
2117778363
2117778394
2117778425
2117778456
2117778487
2117778518
2117778549
2117778580
2117778611
2117778642
2117778673
2117778704
2117778735
2117778766
2117778797
2117778828
2117778859
2117778890
2117778921
2117778952
2117778983
2117779014
2117779045
2117779076
2117779107
2117779138
2117779169
2117779200
2117779231
2117779262
2117779293
2117779324
2117779355
2117779386
2117779417
2117779448
2117779479
2117779510
2117779541
2117779572
2117779603
2117779634
2117779665
2117779696
2117779727
2117779758
2117779789
2117779820
2117779851
2117779882
2117779913
2117779944
2117779975
2117780006
2117780037
2117780068
2117780099
2117780130
2117780161
2117780192
2117780223
2117780254
2117780285
2117780316
2117780347
2117780378
2117780409
2117780440
2117780471
2117780502
2117780533
2117780564
2117780595
2117780626
2117780657
2117780688
2117780719
2117780750
2117780781
2117780812
2117780843
2117780874
2117780905
2117780936
2117780967
2117780998
2117781029
2117912903
2117912934
2117912965
2117912996
2117913027
2117913058
2117913089
2117913120
2117913151
2117913182
2117913213
2117913244
2117913275
2117913306
2117913337
2117913368
2117913399
2117913430
2117913461
2117913492
2117913523
2117913554
2117913585
2117913616
2117913647
2117913678
2117913709
2117913740
2117913771
2117913802
2117913833
2117913864
2117913895
2117913926
2117913957
2117913988
2117914019
2117914050
2117914081
2117914112
2117914143
2117914174
2117914205
2117914236
2117914267
2117914298
2117914329
2117914360
2117914391
2117914422
2117914453
2117914484
2117914515
2117914546
2117914577
2117914608
2117914639
2117914670
2117914701
2117914732
2117914763
2117914794
2117914825
2117914856
2117914887
2117914918
2117914949
2117914980
2117915011
2117915042
2117915073
2117915104
2117915135
2117915166
2117915197
2117915228
2117915259
2117915290
2117915321
2117915352
2117915383
2117915414
2117915445
2117915476
2117915507
2117915538
2117915569
2117915600
2117915631
2117915662
2117915693
2117915724
2117915755
2117915786
2117915817
2117915848
2117915879
2117915910
2117915941
2117915972
2117916003
2117916034
2117916065
2117916096
2117916127
2117916158
2117916189
2117916220
2117916251
2117916282
2117916313
2117916344
2117916375
2117916406
2117916437
2117916468
2117916499
2117916530
2117916561
2117916592
2117916623
2117916654
2117916685
2117916716
2117916747
2117916778
2117916809
2117916840
2117916871
2117916902
2117916933
2117916964
2117916995
2117917026
2117917057
2117917088
2117917119
2117917150
2117917181
2117917212
2117917243
2117917274
2117917305
2117917336
2117917367
2117917398
2117917429
2117917460
2117917491
2117917522
2117917553
2117917584
2117917615
2117917646
2117917677
2117917708
2117917739
2117917770
2117917801
2117917832
2117917863
2117917894
2117917925
2117917956
2117917987
2117918018
2117918049
2117918080
2117918111
2117918142
2117918173
2117918204
2117918235
2117918266
2117918297
2117918328
2117918359
2117918390
2117918421
2117918452
2117918483
2117918514
2117918545
2117918576
2117918607
2117918638
2117918669
2117918700
2117918731
2117918762
2117918793
2117918824
2117918855
2117918886
2117918917
2117918948
2117918979
2117919010
2117919041
2117919072
2117919103
2117919134
2117919165
2117919196
2117919227
2117919258
2117919289
2117919320
2117919351
2117919382
2117919413
2117919444
2117919475
2117919506
2117919537
2117919568
2117919599
2117919630
2117919661
2117919692
2117919723
2117919754
2117919785
2117919816
2117919847
2117919878
2117919909
2117919940
2117919971
2117920002
2117920033
2117920064
2117920095
2117920126
2117920157
2117920188
2117920219
2117920250
2117920281
2117920312
2117920343
2117920374
2117920405
2117920436
2117920467
2117920498
2117920529
2117920560
2117920591
2117920622
2117920653
2117920684
2117920715
2117920746
2117920777
2117920808
2117920839
2117920870
2117920901
2117920932
2117920963
2117920994
2117921025
2117921056
2117921087
2117921118
2117921149
2117921180
2117921211
2117921242
2117921273
2117921304
2117921335
2117921366
2117921397
2117921428
2117921459
2117921490
2117921521
2117921552
2117921583
2117921614
2117921645
2117921676
2117921707
2117921738
2117921769
2117921800
2117921831
2117921862
2117921893
2117921924
2117921955
2117921986
2117922017
2117922048
2117922079
2117922110
2117922141
2117922172
2117922203
2117922234
2117922265
2117922296
2117922327
2117922358
2117922389
2117922420
2117922451
2117922482
2117922513
2117922544
2117922575
2117922606
2117922637
2117922668
2117922699
2117922730
2117922761
2117922792
2117922823
2117922854
2117922885
2117922916
2117922947
2117922978
2117923009
2117923040
2117923071
2117923102
2117923133
2117923164
2117923195
2117923226
2117923257
2117923288
2117923319
2117923350
2117923381
2117923412
2117923443
2117923474
2117923505
2117923536
2117923567
2117923598
2117923629
2117923660
2117923691
2117923722
2117923753
2117923784
2117923815
2117923846
2117923877
2117923908
2117923939
2117923970
2117924001
2117924032
2117924063
2117924094
2117924125
2117924156
2117924187
2117924218
2117924249
2117924280
2117924311
2117924342
2117924373
2117924404
2117924435
2117924466
2117924497
2117924528
2117924559
2117924590
2117924621
2117924652
2117924683
2117924714
2117924745
2117924776
2117924807
2117924838
2117924869
2117924900
2117924931
2117924962
2117924993
2117925024
2117925055
2117925086
2117925117
2117925148
2117925179
2117925210
2117925241
2117925272
2117925303
2117925334
2117925365
2117925396
2117925427
2117925458
2117925489
2117925520
2117925551
2117925582
2117925613
2117925644
2117925675
2117925706
2117925737
2117925768
2117925799
2117925830
2117925861
2117925892
2117925923
2117925954
2117925985
2117926016
2117926047
2117926078
2117926109
2117926140
2117926171
2117926202
2117926233
2117926264
2117926295
2117926326
2117926357
2117926388
2117926419
2117926450
2117926481
2117926512
2117926543
2117926574
2117926605
2117926636
2117926667
2117926698
2117926729
2117926760
2117926791
2117926822
2117926853
2117926884
2117926915
2117926946
2117926977
2117927008
2117927039
2117927070
2117927101
2117927132
2117927163
2117927194
2117927225
2117927256
2117927287
2117927318
2117927349
2117927380
2117927411
2117927442
2117927473
2117927504
2117927535
2117927566
2117927597
2117927628
2117927659
2117927690
2117927721
2117927752
2117927783
2117927814
2117927845
2117927876
2117927907
2117927938
2117927969
2117928000
2117928031
2117928062
2117928093
2117928124
2117928155
2117928186
2117928217
2117928248
2117928279
2117928310
2117928341
2117928372
2117928403
2117928434
2117928465
2117928496
2117928527
2117928558
2117928589
2117928620
2117928651
2117928682
2117928713
2117928744
2117928775
2117928806
2117928837
2117928868
2117928899
2117928930
2117928961
2117928992
2117929023
2117929054
2117929085
2117929116
2117929147
2117929178
2117929209
2117929240
2117929271
2117929302
2117929333
2117929364
2117929395
2117929426
2117929457
2117929488
2117929519
2117929550
2117929581
2117929612
2117929643
2117929674
2117929705
2117929736
2117929767
2117929798
2117929829
2117929860
2117929891
2117929922
2117929953
2117929984
2117930015
2117930046
2117930077
2117930108
2117930139
2117930170
2117930201
2117930232
2117930263
2117930294
2117930325
2117930356
2117930387
2117930418
2117930449
2117930480
2117930511
2117930542
2117930573
2117930604
2117930635
2117930666
2117930697
2117930728
2117930759
2117930790
2117930821
2117930852
2117930883
2117930914
2117930945
2117930976
2117931007
2117931038
2117931069
2117931100
2117931131
2117931162
2117931193
2117931224
2117931255
2117931286
2117931317
2117931348
2117931379
2117931410
2117931441
2117931472
2117931503
2117931534
2117931565
2117931596
2117931627
2117931658
2117931689
2117931720
2117931751
2117931782
2117931813
2117931844
2117931875
2117931906
2117931937
2117931968
2117931999
2117932030
2117932061
2117932092
2117932123
2117932154
2117932185
2117932216
2117932247
2117932278
2117932309
2117932340
2117932371
2117932402
2117932433
2117932464
2117932495
2117932526
2117932557
2117932588
2117932619
2117932650
2117932681
2117932712
2117932743
2117932774
2117932805
2117932836
2117932867
2117932898
2117932929
2117932960
2117932991
2117933022
2117933053
2117933084
2117933115
2117933146
2117933177
2117933208
2117933239
2117933270
2117933301
2117933332
2117933363
2117933394
2117933425
2117933456
2117933487
2117933518
2117933549
2117933580
2117933611
2117933642
2117933673
2117933704
2117933735
2117933766
2117933797
2117933828
2117933859
2117933890
2117933921
2117933952
2117933983
2117934014
2117934045
2117934076
2118094625
2118094656
2118094687
2118094718
2118094749
2118094780
2118094811
2118094842
2118094873
2118094904
2118094935
2118094966
2118094997
2118095028
2118095059
2118095090
2118095121
2118095152
2118095183
2118095214
2118095245
2118095276
2118095307
2118095338
2118095369
2118095400
2118095431
2118095462
2118095493
2118095524
2118095555
2118095586
2118095617
2118095648
2118095679
2118095710
2118095741
2118095772
2118095803
2118095834
2118095865
2118095896
2118095927
2118095958
2118095989
2118096020
2118096051
2118096082
2118096113
2118096144
2118096175
2118096206
2118096237
2118096268
2118096299
2118096330
2118096361
2118096392
2118096423
2118096454
2118096485
2118096516
2118096547
2118096578
2118096609
2118096640
2118096671
2118096702
2118096733
2118096764
2118096795
2118096826
2118096857
2118096888
2118096919
2118096950
2118096981
2118097012
2118097043
2118097074
2118097105
2118097136
2118097167
2118097198
2118097229
2118097260
2118097291
2118097322
2118097353
2118097384
2118097415
2118097446
2118097477
2118097508
2118097539
2118097570
2118097601
2118097632
2118097663
2118097694
2118097725
2118097756
2118097787
2118097818
2118097849
2118097880
2118097911
2118097942
2118097973
2118098004
2118098035
2118098066
2118098097
2118098128
2118098159
2118098190
2118098221
2118098252
2118098283
2118098314
2118098345
2118098376
2118098407
2118098438
2118098469
2118098500
2118098531
2118098562
2118098593
2118098624
2118098655
2118098686
2118098717
2118098748
2118098779
2118098810
2118098841
2118098872
2118098903
2118098934
2118098965
2118098996
2118099027
2118099058
2118099089
2118099120
2118099151
2118099182
2118099213
2118099244
2118099275
2118099306
2118099337
2118099368
2118099399
2118099430
2118099461
2118099492
2118099523
2118099554
2118099585
2118099616
2118099647
2118099678
2118099709
2118099740
2118099771
2118099802
2118099833
2118099864
2118099895
2118099926
2118099957
2118099988
2118100019
2118100050
2118100081
2118100112
2118100143
2118100174
2118100205
2118100236
2118100267
2118100298
2118100329
2118100360
2118100391
2118100422
2118100453
2118100484
2118100515
2118100546
2118100577
2118100608
2118100639
2118100670
2118100701
2118100732
2118100763
2118100794
2118100825
2118100856
2118100887
2118100918
2118100949
2118100980
2118101011
2118101042
2118101073
2118101104
2118101135
2118101166
2118101197
2118101228
2118101259
2118101290
2118101321
2118101352
2118101383
2118101414
2118101445
2118101476
2118101507
2118101538
2118101569
2118101600
2118101631
2118101662
2118101693
2118101724
2118101755
2118101786
2118101817
2118101848
2118101879
2118101910
2118101941
2118101972
2118102003
2118102034
2118102065
2118102096
2118102127
2118102158
2118102189
2118102220
2118102251
2118102282
2118102313
2118102344
2118102375
2118102406
2118102437
2118102468
2118102499
2118102530
2118102561
2118102592
2118102623
2118102654
2118102685
2118102716
2118102747
2118102778
2118102809
2118102840
2118102871
2118102902
2118102933
2118102964
2118102995
2118103026
2118103057
2118103088
2118103119
2118103150
2118103181
2118103212
2118103243
2118103274
2118103305
2118103336
2118103367
2118103398
2118103429
2118103460
2118103491
2118103522
2118103553
2118103584
2118103615
2118103646
2118103677
2118103708
2118103739
2118103770
2118103801
2118103832
2118103863
2118103894
2118103925
2118103956
2118103987
2118104018
2118104049
2118104080
2118104111
2118104142
2118104173
2118104204
2118104235
2118104266
2118104297
2118104328
2118104359
2118104390
2118104421
2118104452
2118104483
2118104514
2118104545
2118104576
2118104607
2118104638
2118104669
2118104700
2118104731
2118104762
2118104793
2118104824
2118104855
2118104886
2118104917
2118104948
2118104979
2118105010
2118105041
2118105072
2118105103
2118105134
2118105165
2118105196
2118105227
2118105258
2118105289
2118105320
2118105351
2118105382
2118105413
2118105444
2118105475
2118105506
2118105537
2118105568
2118105599
2118105630
2118105661
2118105692
2118105723
2118105754
2118105785
2118105816
2118105847
2118105878
2118105909
2118105940
2118105971
2118106002
2118106033
2118106064
2118106095
2118106126
2118106157
2118106188
2118106219
2118106250
2118106281
2118106312
2118106343
2118106374
2118106405
2118106436
2118106467
2118106498
2118106529
2118106560
2118106591
2118106622
2118106653
2118106684
2118106715
2118106746
2118106777
2118106808
2118106839
2118106870
2118106901
2118106932
2118106963
2118106994
2118107025
2118107056
2118107087
2118107118
2118107149
2118107180
2118107211
2118107242
2118107273
2118107304
2118107335
2118107366
2118107397
2118107428
2118107459
2118107490
2118107521
2118107552
2118107583
2118107614
2118107645
2118107676
2118107707
2118107738
2118107769
2118107800
2118107831
2118107862
2118107893
2118107924
2118107955
2118107986
2118108017
2118108048
2118108079
2118108110
2118108141
2118108172
2118108203
2118108234
2118108265
2118108296
2118108327
2118108358
2118108389
2118108420
2118108451
2118108482
2118108513
2118108544
2118108575
2118108606
2118108637
2118108668
2118108699
2118108730
2118108761
2118108792
2118108823
2118108854
2118108885
2118108916
2118108947
2118108978
2118109009
2118109040
2118109071
2118109102
2118109133
2118109164
2118109195
2118109226
2118109257
2118109288
2118109319
2118109350
2118109381
2118109412
2118109443
2118109474
2118109505
2118109536
2118109567
2118109598
2118109629
2118109660
2118109691
2118109722
2118109753
2118109784
2118109815
2118109846
2118109877
2118109908
2118109939
2118109970
2118110001
2118110032
2118110063
2118110094
2118110125
2118110156
2118110187
2118110218
2118110249
2118110280
2118110311
2118110342
2118110373
2118110404
2118110435
2118110466
2118110497
2118110528
2118110559
2118110590
2118110621
2118110652
2118110683
2118110714
2118110745
2118110776
2118110807
2118110838
2118110869
2118110900
2118110931
2118110962
2118110993
2118111024
2118111055
2118111086
2118111117
2118111148
2118111179
2118111210
2118111241
2118111272
2118111303
2118111334
2118111365
2118111396
2118111427
2118111458
2118111489
2118111520
2118111551
2118111582
2118111613
2118111644
2118111675
2118111706
2118111737
2118111768
2118111799
2118111830
2118111861
2118111892
2118111923
2118111954
2118111985
2118112016
2118112047
2118112078
2118112109
2118112140
2118112171
2118112202
2118112233
2118112264
2118112295
2118112326
2118112357
2118112388
2118112419
2118112450
2118112481
2118112512
2118112543
2118112574
2118112605
2118112636
2118112667
2118112698
2118112729
2118112760
2118112791
2118112822
2118112853
2118112884
2118112915
2118112946
2118112977
2118113008
2118113039
2118113070
2118113101
2118113132
2118113163
2118113194
2118113225
2118113256
2118113287
2118113318
2118113349
2118113380
2118113411
2118113442
2118113473
2118113504
2118113535
2118113566
2118113597
2118113628
2118113659
2118113690
2118113721
2118113752
2118113783
2118113814
2118113845
2118113876
2118113907
2118113938
2118113969
2118114000
2118114031
2118114062
2118114093
2118114124
2118114155
2118114186
2118114217
2118114248
2118114279
2118114310
2118114341
2118114372
2118114403
2118114434
2118114465
2118114496
2118114527
2118114558
2118114589
2118114620
2118114651
2118114682
2118114713
2118114744
2118114775
2118114806
2118114837
2118114868
2118114899
2118114930
2118114961
2118114992
2118115023
2118115054
2118115085
2118115116
2118115147
2118115178
2118115209
2118115240
2118115271
2118115302
2118115333
2118115364
2118115395
2118115426
2118115457
2118115488
2118115519
2118115550
2118115581
2118115612
2118115643
2118115674
2118115705
2118115736
2118115767
2118115798
2118115829
2118115860
2118115891
2118115922
2118115953
2118115984
2118116015
2118116046
2118116077
2118116108
2118116139
2118116170
2118116201
2118116232
2118116263
2118116294
2118116325
2118116356
2118116387
2118116418
2118116449
2118116480
2118116511
2118116542
2118116573
2118116604
2118116635
2118116666
2118116697
2118116728
2118116759
2118116790
2118116821
2118116852
2118116883
2118116914
2118116945
2118116976
2118117007
2118117038
2118117069
2118117100
2118117131
2118117162
2118117193
2118117224
2118117255
2118117286
2118117317
2118117348
2118117379
2118117410
2118117441
2118117472
2118117503
2118117534
2118117565
2118117596
2118117627
2118117658
2118117689
2118117720
2118117751
2118117782
2118117813
2118117844
2118117875
2118117906
2118117937
2118117968
2118117999
2118118030
2118118061
2118296435
2118296466
2118296497
2118296528
2118296559
2118296590
2118296621
2118296652
2118296683
2118296714
2118296745
2118296776
2118296807
2118296838
2118296869
2118296900
2118296931
2118296962
2118296993
2118297024
2118297055
2118297086
2118297117
2118297148
2118297179
2118297210
2118297241
2118297272
2118297303
2118297334
2118297365
2118297396
2118297427
2118297458
2118297489
2118297520
2118297551
2118297582
2118297613
2118297644
2118297675
2118297706
2118297737
2118297768
2118297799
2118297830
2118297861
2118297892
2118297923
2118297954
2118297985
2118298016
2118298047
2118298078
2118298109
2118298140
2118298171
2118298202
2118298233
2118298264
2118298295
2118298326
2118298357
2118298388
2118298419
2118298450
2118298481
2118298512
2118298543
2118298574
2118298605
2118298636
2118298667
2118298698
2118298729
2118298760
2118298791
2118298822
2118298853
2118298884
2118298915
2118298946
2118298977
2118299008
2118299039
2118299070
2118299101
2118299132
2118299163
2118299194
2118299225
2118299256
2118299287
2118299318
2118299349
2118299380
2118299411
2118299442
2118299473
2118299504
2118299535
2118299566
2118299597
2118299628
2118299659
2118299690
2118299721
2118299752
2118299783
2118299814
2118299845
2118299876
2118299907
2118299938
2118299969
2118300000
2118300031
2118300062
2118300093
2118300124
2118300155
2118300186
2118300217
2118300248
2118300279
2118300310
2118300341
2118300372
2118300403
2118300434
2118300465
2118300496
2118300527
2118300558
2118300589
2118300620
2118300651
2118300682
2118300713
2118300744
2118300775
2118300806
2118300837
2118300868
2118300899
2118300930
2118300961
2118300992
2118301023
2118301054
2118301085
2118301116
2118301147
2118301178
2118301209
2118301240
2118301271
2118301302
2118301333
2118301364
2118301395
2118301426
2118301457
2118301488
2118301519
2118301550
2118301581
2118301612
2118301643
2118301674
2118301705
2118301736
2118301767
2118301798
2118301829
2118301860
2118301891
2118301922
2118301953
2118301984
2118302015
2118302046
2118302077
2118302108
2118302139
2118302170
2118302201
2118302232
2118302263
2118302294
2118302325
2118302356
2118302387
2118302418
2118302449
2118302480
2118302511
2118302542
2118302573
2118302604
2118302635
2118302666
2118302697
2118302728
2118302759
2118302790
2118302821
2118302852
2118302883
2118302914
2118302945
2118302976
2118303007
2118303038
2118303069
2118303100
2118303131
2118303162
2118303193
2118303224
2118303255
2118303286
2118303317
2118303348
2118303379
2118303410
2118303441
2118303472
2118303503
2118303534
2118303565
2118303596
2118303627
2118303658
2118303689
2118303720
2118303751
2118303782
2118303813
2118303844
2118303875
2118303906
2118303937
2118303968
2118303999
2118304030
2118304061
2118304092
2118304123
2118304154
2118304185
2118304216
2118304247
2118304278
2118304309
2118304340
2118304371
2118304402
2118304433
2118304464
2118304495
2118304526
2118304557
2118304588
2118304619
2118304650
2118304681
2118304712
2118304743
2118304774
2118304805
2118304836
2118304867
2118304898
2118304929
2118304960
2118304991
2118305022
2118305053
2118305084
2118305115
2118305146
2118305177
2118305208
2118305239
2118305270
2118305301
2118305332
2118305363
2118305394
2118305425
2118305456
2118305487
2118305518
2118305549
2118305580
2118305611
2118305642
2118305673
2118305704
2118305735
2118305766
2118305797
2118305828
2118305859
2118305890
2118305921
2118305952
2118305983
2118306014
2118306045
2118306076
2118306107
2118306138
2118306169
2118306200
2118306231
2118306262
2118306293
2118306324
2118306355
2118306386
2118306417
2118306448
2118306479
2118306510
2118306541
2118306572
2118306603
2118306634
2118306665
2118306696
2118306727
2118306758
2118306789
2118306820
2118306851
2118306882
2118306913
2118306944
2118306975
2118307006
2118307037
2118307068
2118307099
2118307130
2118307161
2118307192
2118307223
2118307254
2118307285
2118307316
2118307347
2118307378
2118307409
2118307440
2118307471
2118307502
2118307533
2118307564
2118307595
2118307626
2118307657
2118307688
2118307719
2118307750
2118307781
2118307812
2118307843
2118307874
2118307905
2118307936
2118307967
2118307998
2118308029
2118308060
2118308091
2118308122
2118308153
2118308184
2118308215
2118308246
2118308277
2118308308
2118308339
2118308370
2118308401
2118308432
2118308463
2118308494
2118308525
2118308556
2118308587
2118308618
2118308649
2118308680
2118308711
2118308742
2118308773
2118308804
2118308835
2118308866
2118308897
2118308928
2118308959
2118308990
2118309021
2118309052
2118309083
2118309114
2118309145
2118309176
2118309207
2118309238
2118309269
2118309300
2118309331
2118309362
2118309393
2118309424
2118309455
2118309486
2118309517
2118309548
2118309579
2118309610
2118309641
2118309672
2118309703
2118309734
2118309765
2118309796
2118309827
2118309858
2118309889
2118309920
2118309951
2118309982
2118310013
2118310044
2118310075
2118310106
2118310137
2118310168
2118310199
2118310230
2118310261
2118310292
2118310323
2118310354
2118310385
2118310416
2118310447
2118310478
2118310509
2118310540
2118310571
2118310602
2118310633
2118310664
2118310695
2118310726
2118310757
2118310788
2118310819
2118310850
2118310881
2118310912
2118310943
2118310974
2118311005
2118311036
2118311067
2118311098
2118311129
2118311160
2118311191
2118311222
2118311253
2118311284
2118311315
2118311346
2118311377
2118311408
2118311439
2118311470
2118311501
2118311532
2118311563
2118311594
2118311625
2118311656
2118311687
2118311718
2118311749
2118311780
2118311811
2118311842
2118311873
2118311904
2118311935
2118311966
2118311997
2118312028
2118312059
2118312090
2118312121
2118312152
2118312183
2118312214
2118312245
2118312276
2118312307
2118312338
2118312369
2118312400
2118312431
2118312462
2118312493
2118312524
2118312555
2118312586
2118312617
2118312648
2118312679
2118312710
2118312741
2118312772
2118312803
2118312834
2118312865
2118312896
2118312927
2118312958
2118312989
2118313020
2118313051
2118313082
2118313113
2118313144
2118313175
2118313206
2118313237
2118313268
2118313299
2118313330
2118313361
2118313392
2118313423
2118313454
2118313485
2118313516
2118313547
2118313578
2118313609
2118313640
2118313671
2118313702
2118313733
2118313764
2118313795
2118313826
2118313857
2118313888
2118313919
2118313950
2118313981
2118314012
2118314043
2118314074
2118314105
2118314136
2118314167
2118314198
2118314229
2118314260
2118314291
2118314322
2118314353
2118314384
2118314415
2118314446
2118314477
2118314508
2118314539
2118314570
2118314601
2118314632
2118314663
2118314694
2118314725
2118314756
2118314787
2118314818
2118314849
2118314880
2118314911
2118314942
2118314973
2118315004
2118315035
2118315066
2118315097
2118315128
2118315159
2118315190
2118315221
2118315252
2118315283
2118315314
2118315345
2118315376
2118315407
2118315438
2118315469
2118315500
2118315531
2118315562
2118315593
2118315624
2118315655
2118315686
2118315717
2118315748
2118315779
2118315810
2118315841
2118315872
2118315903
2118315934
2118315965
2118315996
2118316027
2118316058
2118316089
2118316120
2118316151
2118316182
2118316213
2118316244
2118316275
2118316306
2118316337
2118316368
2118316399
2118316430
2118316461
2118316492
2118316523
2118316554
2118316585
2118316616
2118316647
2118316678
2118316709
2118316740
2118316771
2118316802
2118316833
2118316864
2118316895
2118316926
2118316957
2118316988
2118317019
2118317050
2118317081
2118317112
2118317143
2118317174
2118317205
2118317236
2118317267
2118317298
2118317329
2118317360
2118317391
2118317422
2118317453
2118317484
2118317515
2118317546
2118317577
2118317608
2118317639
2118317670
2118317701
2118317732
2118317763
2118317794
2118317825
2118317856
2118317887
2118317918
2118317949
2118317980
2118318011
2118318042
2118318073
2118318104
2118318135
2118318166
2118318197
2118318228
2118318259
2118318290
2118318321
2118318352
2118318383
2118318414
2118318445
2118318476
2118318507
2118318538
2118318569
2118318600
2118318631
2118318662
2118318693
2118318724
2118318755
2118318786
2118318817
2118318848
2118318879
2118318910
2118318941
2118318972
2118319003
2118319034
2118319065
2118319096
2118319127
2118319158
2118319189
2118319220
2118319251
2118319282
2118319313
2118319344
2118319375
2118319406
2118319437
2118319468
2118319499
2118319530
2118319561
2118319592
2118319623
2118319654
2118319685
2118319716
2118319747
2118319778
2118319809
2118319840
2118319871
2118319902
2118319933
2118319964
2118319995
2118320026
2118320057
2118320088
2118320119
2118320150
2118320181
2118320212
2118320243
2118320274
2118320305
2118320336
2118320367
2118320398
2118320429
2118320460
2118320491
2118320522
2118320553
2118320584
2118320615
2118320646
2118320677
2118320708
2118320739
2118320770
2118320801
2118320832
2118320863
2118320894
2118320925
2118320956
2118320987
2118321018
2118321049
2118321080
2118321111
2118321142
2118321173
2118321204
2118321235
2118321266
2118321297
2118321328
2118321359
2118321390
2118321421
2118321452
2118321483
2118321514
2118321545
2118321576
2118321607
2118321638
2118321669
2118321700
2118321731
2118321762
2118321793
2118321824
2118321855
2118321886
2118321917
2118321948
2118321979
2118322010
2118322041
2118322072
2118322103
2118322134
2118322165
2118322196
2118322227
2118322258
2118322289
2118322320
2118322351
2118322382
2118322413
2118322444
2118322475
2118322506
2118322537
2118322568
2118322599
2118322630
2118322661
2118322692
2118322723
2118322754
2118322785
2118322816
2118322847
2118322878
2118322909
2118517930
2118517961
2118517992
2118518023
2118518054
2118518085
2118518116
2118518147
2118518178
2118518209
2118518240
2118518271
2118518302
2118518333
2118518364
2118518395
2118518426
2118518457
2118518488
2118518519
2118518550
2118518581
2118518612
2118518643
2118518674
2118518705
2118518736
2118518767
2118518798
2118518829
2118518860
2118518891
2118518922
2118518953
2118518984
2118519015
2118519046
2118519077
2118519108
2118519139
2118519170
2118519201
2118519232
2118519263
2118519294
2118519325
2118519356
2118519387
2118519418
2118519449
2118519480
2118519511
2118519542
2118519573
2118519604
2118519635
2118519666
2118519697
2118519728
2118519759
2118519790
2118519821
2118519852
2118519883
2118519914
2118519945
2118519976
2118520007
2118520038
2118520069
2118520100
2118520131
2118520162
2118520193
2118520224
2118520255
2118520286
2118520317
2118520348
2118520379
2118520410
2118520441
2118520472
2118520503
2118520534
2118520565
2118520596
2118520627
2118520658
2118520689
2118520720
2118520751
2118520782
2118520813
2118520844
2118520875
2118520906
2118520937
2118520968
2118520999
2118521030
2118521061
2118521092
2118521123
2118521154
2118521185
2118521216
2118521247
2118521278
2118521309
2118521340
2118521371
2118521402
2118521433
2118521464
2118521495
2118521526
2118521557
2118521588
2118521619
2118521650
2118521681
2118521712
2118521743
2118521774
2118521805
2118521836
2118521867
2118521898
2118521929
2118521960
2118521991
2118522022
2118522053
2118522084
2118522115
2118522146
2118522177
2118522208
2118522239
2118522270
2118522301
2118522332
2118522363
2118522394
2118522425
2118522456
2118522487
2118522518
2118522549
2118522580
2118522611
2118522642
2118522673
2118522704
2118522735
2118522766
2118522797
2118522828
2118522859
2118522890
2118522921
2118522952
2118522983
2118523014
2118523045
2118523076
2118523107
2118523138
2118523169
2118523200
2118523231
2118523262
2118523293
2118523324
2118523355
2118523386
2118523417
2118523448
2118523479
2118523510
2118523541
2118523572
2118523603
2118523634
2118523665
2118523696
2118523727
2118523758
2118523789
2118523820
2118523851
2118523882
2118523913
2118523944
2118523975
2118524006
2118524037
2118524068
2118524099
2118524130
2118524161
2118524192
2118524223
2118524254
2118524285
2118524316
2118524347
2118524378
2118524409
2118524440
2118524471
2118524502
2118524533
2118524564
2118524595
2118524626
2118524657
2118524688
2118524719
2118524750
2118524781
2118524812
2118524843
2118524874
2118524905
2118524936
2118524967
2118524998
2118525029
2118525060
2118525091
2118525122
2118525153
2118525184
2118525215
2118525246
2118525277
2118525308
2118525339
2118525370
2118525401
2118525432
2118525463
2118525494
2118525525
2118525556
2118525587
2118525618
2118525649
2118525680
2118525711
2118525742
2118525773
2118525804
2118525835
2118525866
2118525897
2118525928
2118525959
2118525990
2118526021
2118526052
2118526083
2118526114
2118526145
2118526176
2118526207
2118526238
2118526269
2118526300
2118526331
2118526362
2118526393
2118526424
2118526455
2118526486
2118526517
2118526548
2118526579
2118526610
2118526641
2118526672
2118526703
2118526734
2118526765
2118526796
2118526827
2118526858
2118526889
2118526920
2118526951
2118526982
2118527013
2118527044
2118527075
2118527106
2118527137
2118527168
2118527199
2118527230
2118527261
2118527292
2118527323
2118527354
2118527385
2118527416
2118527447
2118527478
2118527509
2118527540
2118527571
2118527602
2118527633
2118527664
2118527695
2118527726
2118527757
2118527788
2118527819
2118527850
2118527881
2118527912
2118527943
2118527974
2118528005
2118528036
2118528067
2118528098
2118528129
2118528160
2118528191
2118528222
2118528253
2118528284
2118528315
2118528346
2118528377
2118528408
2118528439
2118528470
2118528501
2118528532
2118528563
2118528594
2118528625
2118528656
2118528687
2118528718
2118528749
2118528780
2118528811
2118528842
2118528873
2118528904
2118528935
2118528966
2118528997
2118529028
2118529059
2118529090
2118529121
2118529152
2118529183
2118529214
2118529245
2118529276
2118529307
2118529338
2118529369
2118529400
2118529431
2118529462
2118529493
2118529524
2118529555
2118529586
2118529617
2118529648
2118529679
2118529710
2118529741
2118529772
2118529803
2118529834
2118529865
2118529896
2118529927
2118529958
2118529989
2118530020
2118530051
2118530082
2118530113
2118530144
2118530175
2118530206
2118530237
2118530268
2118530299
2118530330
2118530361
2118530392
2118530423
2118530454
2118530485
2118530516
2118530547
2118530578
2118530609
2118530640
2118530671
2118530702
2118530733
2118530764
2118530795
2118530826
2118530857
2118530888
2118530919
2118530950
2118530981
2118531012
2118531043
2118531074
2118531105
2118531136
2118531167
2118531198
2118531229
2118531260
2118531291
2118531322
2118531353
2118531384
2118531415
2118531446
2118531477
2118531508
2118531539
2118531570
2118531601
2118531632
2118531663
2118531694
2118531725
2118531756
2118531787
2118531818
2118531849
2118531880
2118531911
2118531942
2118531973
2118532004
2118532035
2118532066
2118532097
2118532128
2118532159
2118532190
2118532221
2118532252
2118532283
2118532314
2118532345
2118532376
2118532407
2118532438
2118532469
2118532500
2118532531
2118532562
2118532593
2118532624
2118532655
2118532686
2118532717
2118532748
2118532779
2118532810
2118532841
2118532872
2118532903
2118532934
2118532965
2118532996
2118533027
2118533058
2118533089
2118533120
2118533151
2118533182
2118533213
2118533244
2118533275
2118533306
2118533337
2118533368
2118533399
2118533430
2118533461
2118533492
2118533523
2118533554
2118533585
2118533616
2118533647
2118533678
2118533709
2118533740
2118533771
2118533802
2118533833
2118533864
2118533895
2118533926
2118533957
2118533988
2118534019
2118534050
2118534081
2118534112
2118534143
2118534174
2118534205
2118534236
2118534267
2118534298
2118534329
2118534360
2118534391
2118534422
2118534453
2118534484
2118534515
2118534546
2118534577
2118534608
2118534639
2118534670
2118534701
2118534732
2118534763
2118534794
2118534825
2118534856
2118534887
2118534918
2118534949
2118534980
2118535011
2118535042
2118535073
2118535104
2118535135
2118535166
2118535197
2118535228
2118535259
2118535290
2118535321
2118535352
2118535383
2118535414
2118535445
2118535476
2118535507
2118535538
2118535569
2118535600
2118535631
2118535662
2118535693
2118535724
2118535755
2118535786
2118535817
2118535848
2118535879
2118535910
2118535941
2118535972
2118536003
2118536034
2118536065
2118536096
2118536127
2118536158
2118536189
2118536220
2118536251
2118536282
2118536313
2118536344
2118536375
2118536406
2118536437
2118536468
2118536499
2118536530
2118536561
2118536592
2118536623
2118536654
2118536685
2118536716
2118536747
2118536778
2118536809
2118536840
2118536871
2118536902
2118536933
2118536964
2118536995
2118537026
2118537057
2118537088
2118537119
2118537150
2118537181
2118537212
2118537243
2118537274
2118537305
2118537336
2118537367
2118537398
2118537429
2118537460
2118537491
2118537522
2118537553
2118537584
2118537615
2118537646
2118537677
2118537708
2118537739
2118537770
2118537801
2118537832
2118537863
2118537894
2118537925
2118537956
2118537987
2118538018
2118538049
2118538080
2118538111
2118538142
2118538173
2118538204
2118538235
2118538266
2118538297
2118538328
2118538359
2118538390
2118538421
2118538452
2118538483
2118538514
2118538545
2118538576
2118538607
2118538638
2118538669
2118538700
2118538731
2118538762
2118538793
2118538824
2118538855
2118538886
2118538917
2118538948
2118538979
2118539010
2118539041
2118539072
2118539103
2118539134
2118539165
2118539196
2118539227
2118539258
2118539289
2118539320
2118539351
2118539382
2118539413
2118539444
2118539475
2118539506
2118539537
2118539568
2118539599
2118539630
2118539661
2118539692
2118539723
2118539754
2118539785
2118539816
2118539847
2118539878
2118539909
2118539940
2118539971
2118540002
2118540033
2118540064
2118540095
2118540126
2118540157
2118540188
2118540219
2118540250
2118540281
2118540312
2118540343
2118540374
2118540405
2118540436
2118540467
2118540498
2118540529
2118540560
2118540591
2118540622
2118540653
2118540684
2118540715
2118540746
2118540777
2118540808
2118540839
2118540870
2118540901
2118540932
2118540963
2118540994
2118541025
2118541056
2118541087
2118541118
2118541149
2118541180
2118541211
2118541242
2118541273
2118541304
2118541335
2118541366
2118541397
2118541428
2118541459
2118541490
2118541521
2118541552
2118541583
2118541614
2118541645
2118541676
2118541707
2118541738
2118541769
2118541800
2118541831
2118541862
2118541893
2118541924
2118541955
2118541986
2118542017
2118542048
2118542079
2118542110
2118542141
2118542172
2118542203
2118542234
2118542265
2118542296
2118542327
2118542358
2118542389
2118542420
2118542451
2118542482
2118542513
2118542544
2118542575
2118542606
2118542637
2118542668
2118542699
2118542730
2118542761
2118542792
2118542823
2118542854
2118542885
2118542916
2118542947
2118542978
2118543009
2118543040
2118543071
2118543102
2118543133
2118543164
2118543195
2118543226
2118543257
2118543288
2118543319
2118543350
2118543381
2118543412
2118543443
2118543474
2118543505
2118543536
2118543567
2118543598
2118543629
2118543660
2118543691
2118543722
2118543753
2118543784
2118543815
2118543846
2118543877
2118543908
2118543939
2118543970
2118544001
2118544032
2118544063
2118544094
2118544125
2118544156
2118544187
2118544218
2118544249
2118544280
2118544311
2118544342
2118544373
2118544404
2118544435
2118544466
2118544497
2118544528
2118544559
2118544590
2118544621
2118544652
2118544683
2118544714
2118544745
2118544776
2118544807
2118544838
2118544869
2118544900
2118544931
2118544962
2118544993
2118545024
2118545055
2118545086
2118545117
2118545148
2118545179
2118545210
2118545241
2118545272
2118545303
2118545334
2118545365
2118545396
2118545427
2118545458
2118545489
2118545520
2118545551
2118545582
2118545613
2118545644
2118545675
2118545706
2118545737
2118545768
2118545799
2118545830
2118545861
2118545892
2118545923
2118545954
2118545985
2118546016
2118546047
2118546078
2118546109
2118546140
2118546171
2118546202
2118546233
2118546264
2118546295
2118546326
2118546357
2118546388
2118546419
2118546450
2118546481
2118546512
2118546543
2118546574
2118546605
2118546636
2118546667
2118546698
2118546729
2118546760
2118546791
2118546822
2118546853
2118546884
2118546915
2118546946
2118546977
2118547008
2118547039
2118547070
2118547101
2118547132
2118547163
2118547194
2118547225
2118547256
2118547287
2118547318
2118547349
2118547380
2118547411
2118547442
2118547473
2118547504
2118547535
2118547566
2118547597
