START
3170444078
3170444109
3170444140
3170444171
3170444202
3170444233
3170444264
3170444295
3170444326
3170444357
3170444388
3170444419
3170444450
3170444481
3170444512
3170444543
3170444574
3170444605
3170444636
3170444667
3170444698
3170444729
3170444760
3170444791
3170444822
3170444853
3170444884
3170444915
3170444946
3170444977
3170445008
3170445039
3170445070
3170445101
3170445132
3170445163
3170445194
3170445225
3170445256
3170445287
3170445318
3170445349
3170445380
3170445411
3170445442
3170445473
3170445504
3170445535
3170445566
3170445597
3170445628
3170445659
3170445690
3170445721
3170445752
3170445783
3170445814
3170445845
3170445876
3170445907
3170445938
3170445969
3170446000
3170446031
3170446062
3170446093
3170446124
3170446155
3170446186
3170446217
3170446248
3170446279
3170446310
3170446341
3170446372
3170446403
3170446434
3170446465
3170446496
3170446527
3170446558
3170446589
3170446620
3170446651
3170446682
3170446713
3170446744
3170446775
3170446806
3170446837
3170446868
3170446899
3170446930
3170446961
3170446992
3170447023
3170447054
3170447085
3170447116
3170447147
3170447178
3170447209
3170447240
3170447271
3170447302
3170447333
3170447364
3170447395
3170447426
3170447457
3170447488
3170447519
3170447550
3170447581
3170447612
3170447643
3170447674
3170447705
3170447736
3170447767
3170447798
3170447829
3170447860
3170447891
3170447922
3170447953
3170447984
3170448015
3170448046
3170448077
3170448108
3170448139
3170448170
3170448201
3170448232
3170448263
3170448294
3170448325
3170448356
3170448387
3170448418
3170448449
3170448480
3170448511
3170448542
3170448573
3170448604
3170448635
3170448666
3170448697
3170448728
3170448759
3170448790
3170448821
3170448852
3170448883
3170448914
3170448945
3170448976
3170449007
3170449038
3170449069
3170449100
3170449131
3170449162
3170449193
3170449224
3170449255
3170449286
3170449317
3170449348
3170449379
3170449410
3170449441
3170449472
3170449503
3170449534
3170449565
3170449596
3170449627
3170449658
3170449689
3170449720
3170449751
3170449782
3170449813
3170449844
3170449875
3170449906
3170449937
3170449968
3170449999
3170450030
3170450061
3170450092
3170450123
3170450154
3170450185
3170450216
3170450247
3170450278
3170450309
3170450340
3170450371
3170450402
3170450433
3170450464
3170450495
3170450526
3170450557
3170450588
3170450619
3170450650
3170450681
3170450712
3170450743
3170450774
3170450805
3170450836
3170450867
3170450898
3170450929
3170450960
3170450991
3170451022
3170451053
3170451084
3170451115
3170451146
3170451177
3170451208
3170451239
3170451270
3170451301
3170451332
3170451363
3170451394
3170451425
3170451456
3170451487
3170451518
3170451549
3170451580
3170451611
3170451642
3170451673
3170451704
3170451735
3170451766
3170451797
3170451828
3170451859
3170451890
3170451921
3170451952
3170451983
3170452014
3170452045
3170452076
3170452107
3170452138
3170452169
3170452200
3170452231
3170452262
3170452293
3170452324
3170452355
3170452386
3170452417
3170452448
3170452479
3170452510
3170452541
3170452572
3170452603
3170452634
3170452665
3170452696
3170452727
3170452758
3170452789
3170452820
3170452851
3170452882
3170452913
3170452944
3170452975
3170453006
3170453037
3170453068
3170453099
3170453130
3170453161
3170453192
3170453223
3170453254
3170453285
3170453316
3170453347
3170453378
3170453409
3170453440
3170453471
3170453502
3170453533
3170453564
3170453595
3170453626
3170453657
3170453688
3170453719
3170453750
3170453781
3170453812
3170453843
3170453874
3170453905
3170453936
3170453967
3170453998
3170454029
3170454060
3170454091
3170454122
3170454153
3170454184
3170454215
3170454246
3170454277
3170454308
3170454339
3170454370
3170454401
3170454432
3170454463
3170454494
3170454525
3170454556
3170454587
3170454618
3170454649
3170454680
3170454711
3170454742
3170454773
3170454804
3170454835
3170454866
3170454897
3170454928
3170454959
3170454990
3170455021
3170455052
3170455083
3170455114
3170455145
3170455176
3170455207
3170455238
3170455269
3170455300
3170455331
3170455362
3170455393
3170455424
3170455455
3170455486
3170455517
3170455548
3170455579
3170455610
3170455641
3170455672
3170455703
3170455734
3170455765
3170455796
3170455827
3170455858
3170455889
3170455920
3170455951
3170455982
3170456013
3170456044
3170456075
3170456106
3170456137
3170456168
3170456199
3170456230
3170456261
3170456292
3170456323
3170456354
3170456385
3170456416
3170456447
3170456478
3170456509
3170456540
3170456571
3170456602
3170456633
3170456664
3170456695
3170456726
3170456757
3170456788
3170456819
3170456850
3170456881
3170456912
3170456943
3170456974
3170457005
3170457036
3170457067
3170457098
3170457129
3170457160
3170457191
3170457222
3170457253
3170457284
3170457315
3170457346
3170457377
3170457408
3170457439
3170457470
3170457501
3170457532
3170457563
3170457594
3170457625
3170457656
3170457687
3170457718
3170457749
3170457780
3170457811
3170457842
3170457873
3170457904
3170457935
3170457966
3170457997
3170458028
3170458059
3170458090
3170458121
3170458152
3170458183
3170458214
3170458245
3170458276
3170458307
3170458338
3170458369
3170458400
3170458431
3170458462
3170458493
3170458524
3170458555
3170458586
3170458617
3170458648
3170458679
3170458710
3170458741
3170458772
3170458803
3170458834
3170458865
3170458896
3170458927
3170458958
3170458989
3170459020
3170459051
3170459082
3170459113
3170459144
3170459175
3170459206
3170459237
3170459268
3170459299
3170459330
3170459361
3170459392
3170459423
3170459454
3170459485
3170459516
3170459547
3170459578
3170459609
3170459640
3170459671
3170459702
3170459733
3170459764
3170459795
3170459826
3170459857
3170459888
3170459919
3170459950
3170459981
3170460012
3170460043
3170460074
3170460105
3170460136
3170460167
3170460198
3170460229
3170460260
3170460291
3170460322
3170460353
3170460384
3170460415
3170460446
3170460477
3170460508
3170460539
3170460570
3170460601
3170460632
3170460663
3170460694
3170460725
3170460756
3170460787
3170460818
3170460849
3170460880
3170460911
3170460942
3170460973
3170461004
3170461035
3170461066
3170461097
3170461128
3170461159
3170461190
3170461221
3170461252
3170461283
3170461314
3170461345
3170461376
3170461407
3170624901
3170624932
3170624963
3170624994
3170625025
3170625056
3170625087
3170625118
3170625149
3170625180
3170625211
3170625242
3170625273
3170625304
3170625335
3170625366
3170625397
3170625428
3170625459
3170625490
3170625521
3170625552
3170625583
3170625614
3170625645
3170625676
3170625707
3170625738
3170625769
3170625800
3170625831
3170625862
3170625893
3170625924
3170625955
3170625986
3170626017
3170626048
3170626079
3170626110
3170626141
3170626172
3170626203
3170626234
3170626265
3170626296
3170626327
3170626358
3170626389
3170626420
3170626451
3170626482
3170626513
3170626544
3170626575
3170626606
3170626637
3170626668
3170626699
3170626730
3170626761
3170626792
3170626823
3170626854
3170626885
3170626916
3170626947
3170626978
3170627009
3170627040
3170627071
3170627102
3170627133
3170627164
3170627195
3170627226
3170627257
3170627288
3170627319
3170627350
3170627381
3170627412
3170627443
3170627474
3170627505
3170627536
3170627567
3170627598
3170627629
3170627660
3170627691
3170627722
3170627753
3170627784
3170627815
3170627846
3170627877
3170627908
3170627939
3170627970
3170628001
3170628032
3170628063
3170628094
3170628125
3170628156
3170628187
3170628218
3170628249
3170628280
3170628311
3170628342
3170628373
3170628404
3170628435
3170628466
3170628497
3170628528
3170628559
3170628590
3170628621
3170628652
3170628683
3170628714
3170628745
3170628776
3170628807
3170628838
3170628869
3170628900
3170628931
3170628962
3170628993
3170629024
3170629055
3170629086
3170629117
3170629148
3170629179
3170629210
3170629241
3170629272
3170629303
3170629334
3170629365
3170629396
3170629427
3170629458
3170629489
3170629520
3170629551
3170629582
3170629613
3170629644
3170629675
3170629706
3170629737
3170629768
3170629799
3170629830
3170629861
3170629892
3170629923
3170629954
3170629985
3170630016
3170630047
3170630078
3170630109
3170630140
3170630171
3170630202
3170630233
3170630264
3170630295
3170630326
3170630357
3170630388
3170630419
3170630450
3170630481
3170630512
3170630543
3170630574
3170630605
3170630636
3170630667
3170630698
3170630729
3170630760
3170630791
3170630822
3170630853
3170630884
3170630915
3170630946
3170630977
3170631008
3170631039
3170631070
3170631101
3170631132
3170631163
3170631194
3170631225
3170631256
3170631287
3170631318
3170631349
3170631380
3170631411
3170631442
3170631473
3170631504
3170631535
3170631566
3170631597
3170631628
3170631659
3170631690
3170631721
3170631752
3170631783
3170631814
3170631845
3170631876
3170631907
3170631938
3170631969
3170632000
3170632031
3170632062
3170632093
3170632124
3170632155
3170632186
3170632217
3170632248
3170632279
3170632310
3170632341
3170632372
3170632403
3170632434
3170632465
3170632496
3170632527
3170632558
3170632589
3170632620
3170632651
3170632682
3170632713
3170632744
3170632775
3170632806
3170632837
3170632868
3170632899
3170632930
3170632961
3170632992
3170633023
3170633054
3170633085
3170633116
3170633147
3170633178
3170633209
3170633240
3170633271
3170633302
3170633333
3170633364
3170633395
3170633426
3170633457
3170633488
3170633519
3170633550
3170633581
3170633612
3170633643
3170633674
3170633705
3170633736
3170633767
3170633798
3170633829
3170633860
3170633891
3170633922
3170633953
3170633984
3170634015
3170634046
3170634077
3170634108
3170634139
3170634170
3170634201
3170634232
3170634263
3170634294
3170634325
3170634356
3170634387
3170634418
3170634449
3170634480
3170634511
3170634542
3170634573
3170634604
3170634635
3170634666
3170634697
3170634728
3170634759
3170634790
3170634821
3170634852
3170634883
3170634914
3170634945
3170634976
3170635007
3170635038
3170635069
3170635100
3170635131
3170635162
3170635193
3170635224
3170635255
3170635286
3170635317
3170635348
3170635379
3170635410
3170635441
3170635472
3170635503
3170635534
3170635565
3170635596
3170635627
3170635658
3170635689
3170635720
3170635751
3170635782
3170635813
3170635844
3170635875
3170635906
3170635937
3170635968
3170635999
3170636030
3170636061
3170636092
3170636123
3170636154
3170636185
3170636216
3170636247
3170636278
3170636309
3170636340
3170636371
3170636402
3170636433
3170636464
3170636495
3170636526
3170636557
3170636588
3170636619
3170636650
3170636681
3170636712
3170636743
3170636774
3170636805
3170636836
3170636867
3170636898
3170636929
3170636960
3170636991
3170637022
3170637053
3170637084
3170637115
3170637146
3170637177
3170637208
3170637239
3170637270
3170637301
3170637332
3170637363
3170637394
3170637425
3170637456
3170637487
3170637518
3170637549
3170637580
3170637611
3170637642
3170637673
3170637704
3170637735
3170637766
3170637797
3170637828
3170637859
3170637890
3170637921
3170637952
3170637983
3170638014
3170638045
3170638076
3170638107
3170638138
3170638169
3170638200
3170638231
3170638262
3170638293
3170638324
3170638355
3170638386
3170638417
3170638448
3170638479
3170638510
3170638541
3170638572
3170638603
3170638634
3170638665
3170638696
3170638727
3170638758
3170638789
3170638820
3170638851
3170638882
3170638913
3170638944
3170638975
3170639006
3170639037
3170639068
3170639099
3170639130
3170639161
3170639192
3170639223
3170639254
3170639285
3170639316
3170639347
3170639378
3170639409
3170639440
3170639471
3170639502
3170639533
3170639564
3170639595
3170639626
3170639657
3170639688
3170639719
3170639750
3170639781
3170639812
3170639843
3170639874
3170639905
3170639936
3170639967
3170639998
3170640029
3170640060
3170640091
3170640122
3170640153
3170640184
3170640215
3170640246
3170640277
3170640308
3170640339
3170640370
3170640401
3170640432
3170640463
3170640494
3170640525
3170640556
3170640587
3170640618
3170640649
3170640680
3170640711
3170640742
3170640773
3170640804
3170640835
3170640866
3170640897
3170640928
3170640959
3170640990
3170641021
3170641052
3170641083
3170641114
3170641145
3170641176
3170641207
3170641238
3170641269
3170641300
3170641331
3170641362
3170641393
3170641424
3170641455
3170641486
3170641517
3170641548
3170641579
3170641610
3170641641
3170641672
3170641703
3170641734
3170641765
3170641796
3170641827
3170641858
3170641889
3170641920
3170641951
3170641982
3170642013
3170642044
3170642075
3170642106
3170642137
3170642168
3170642199
3170642230
3170642261
3170642292
3170642323
3170642354
3170642385
3170642416
3170642447
3170642478
3170642509
3170642540
3170642571
3170642602
3170642633
3170642664
3170642695
3170642726
3170642757
3170642788
3170642819
3170642850
3170642881
3170642912
3170642943
3170642974
3170643005
3170643036
3170643067
3170643098
3170643129
3170643160
3170643191
3170643222
3170643253
3170643284
3170643315
3170643346
3170643377
3170643408
3170643439
3170643470
3170643501
3170643532
3170643563
3170643594
3170643625
3170643656
3170643687
3170643718
3170643749
3170643780
3170643811
3170643842
3170643873
3170643904
3170643935
3170643966
3170643997
3170644028
3170644059
3170644090
3170644121
3170644152
3170644183
3170644214
3170644245
3170644276
3170644307
3170644338
3170644369
3170644400
3170644431
3170644462
3170644493
3170644524
3170644555
3170644586
3170644617
3170644648
3170644679
3170644710
3170644741
3170644772
3170644803
3170644834
3170644865
3170644896
3170644927
3170644958
3170644989
3170645020
3170645051
3170645082
3170645113
3170645144
3170645175
3170645206
3170645237
3170645268
3170645299
3170645330
3170645361
3170645392
3170645423
3170645454
3170645485
3170645516
3170645547
3170645578
3170645609
3170645640
3170645671
3170645702
3170645733
3170645764
3170645795
3170645826
3170645857
3170645888
3170645919
3170645950
3170645981
3170646012
3170646043
3170646074
3170646105
3170646136
3170646167
3170646198
3170786721
3170786752
3170786783
3170786814
3170786845
3170786876
3170786907
3170786938
3170786969
3170787000
3170787031
3170787062
3170787093
3170787124
3170787155
3170787186
3170787217
3170787248
3170787279
3170787310
3170787341
3170787372
3170787403
3170787434
3170787465
3170787496
3170787527
3170787558
3170787589
3170787620
3170787651
3170787682
3170787713
3170787744
3170787775
3170787806
3170787837
3170787868
3170787899
3170787930
3170787961
3170787992
3170788023
3170788054
3170788085
3170788116
3170788147
3170788178
3170788209
3170788240
3170788271
3170788302
3170788333
3170788364
3170788395
3170788426
3170788457
3170788488
3170788519
3170788550
3170788581
3170788612
3170788643
3170788674
3170788705
3170788736
3170788767
3170788798
3170788829
3170788860
3170788891
3170788922
3170788953
3170788984
3170789015
3170789046
3170789077
3170789108
3170789139
3170789170
3170789201
3170789232
3170789263
3170789294
3170789325
3170789356
3170789387
3170789418
3170789449
3170789480
3170789511
3170789542
3170789573
3170789604
3170789635
3170789666
3170789697
3170789728
3170789759
3170789790
3170789821
3170789852
3170789883
3170789914
3170789945
3170789976
3170790007
3170790038
3170790069
3170790100
3170790131
3170790162
3170790193
3170790224
3170790255
3170790286
3170790317
3170790348
3170790379
3170790410
3170790441
3170790472
3170790503
3170790534
3170790565
3170790596
3170790627
3170790658
3170790689
3170790720
3170790751
3170790782
3170790813
3170790844
3170790875
3170790906
3170790937
3170790968
3170790999
3170791030
3170791061
3170791092
3170791123
3170791154
3170791185
3170791216
3170791247
3170791278
3170791309
3170791340
3170791371
3170791402
3170791433
3170791464
3170791495
3170791526
3170791557
3170791588
3170791619
3170791650
3170791681
3170791712
3170791743
3170791774
3170791805
3170791836
3170791867
3170791898
3170791929
3170791960
3170791991
3170792022
3170792053
3170792084
3170792115
3170792146
3170792177
3170792208
3170792239
3170792270
3170792301
3170792332
3170792363
3170792394
3170792425
3170792456
3170792487
3170792518
3170792549
3170792580
3170792611
3170792642
3170792673
3170792704
3170792735
3170792766
3170792797
3170792828
3170792859
3170792890
3170792921
3170792952
3170792983
3170793014
3170793045
3170793076
3170793107
3170793138
3170793169
3170793200
3170793231
3170793262
3170793293
3170793324
3170793355
3170793386
3170793417
3170793448
3170793479
3170793510
3170793541
3170793572
3170793603
3170793634
3170793665
3170793696
3170793727
3170793758
3170793789
3170793820
3170793851
3170793882
3170793913
3170793944
3170793975
3170794006
3170794037
3170794068
3170794099
3170794130
3170794161
3170794192
3170794223
3170794254
3170794285
3170794316
3170794347
3170794378
3170794409
3170794440
3170794471
3170794502
3170794533
3170794564
3170794595
3170794626
3170794657
3170794688
3170794719
3170794750
3170794781
3170794812
3170794843
3170794874
3170794905
3170794936
3170794967
3170794998
3170795029
3170795060
3170795091
3170795122
3170795153
3170795184
3170795215
3170795246
3170795277
3170795308
3170795339
3170795370
3170795401
3170795432
3170795463
3170795494
3170795525
3170795556
3170795587
3170795618
3170795649
3170795680
3170795711
3170795742
3170795773
3170795804
3170795835
3170795866
3170795897
3170795928
3170795959
3170795990
3170796021
3170796052
3170796083
3170796114
3170796145
3170796176
3170796207
3170796238
3170796269
3170796300
3170796331
3170796362
3170796393
3170796424
3170796455
3170796486
3170796517
3170796548
3170796579
3170796610
3170796641
3170796672
3170796703
3170796734
3170796765
3170796796
3170796827
3170796858
3170796889
3170796920
3170796951
3170796982
3170797013
3170797044
3170797075
3170797106
3170797137
3170797168
3170797199
3170797230
3170797261
3170797292
3170797323
3170797354
3170797385
3170797416
3170797447
3170797478
3170797509
3170797540
3170797571
3170797602
3170797633
3170797664
3170797695
3170797726
3170797757
3170797788
3170797819
3170797850
3170797881
3170797912
3170797943
3170797974
3170798005
3170798036
3170798067
3170798098
3170798129
3170798160
3170798191
3170798222
3170798253
3170798284
3170798315
3170798346
3170798377
3170798408
3170798439
3170798470
3170798501
3170798532
3170798563
3170798594
3170798625
3170798656
3170798687
3170798718
3170798749
3170798780
3170798811
3170798842
3170798873
3170798904
3170798935
3170798966
3170798997
3170799028
3170799059
3170799090
3170799121
3170799152
3170799183
3170799214
3170799245
3170799276
3170799307
3170799338
3170799369
3170799400
3170799431
3170799462
3170799493
3170799524
3170799555
3170799586
3170799617
3170799648
3170799679
3170799710
3170799741
3170799772
3170799803
3170799834
3170799865
3170799896
3170799927
3170799958
3170799989
3170800020
3170800051
3170800082
3170800113
3170800144
3170800175
3170800206
3170800237
3170800268
3170800299
3170800330
3170800361
3170800392
3170800423
3170800454
3170800485
3170800516
3170800547
3170800578
3170800609
3170800640
3170800671
3170800702
3170800733
3170800764
3170800795
3170800826
3170800857
3170800888
3170800919
3170800950
3170800981
3170801012
3170801043
3170801074
3170801105
3170801136
3170801167
3170801198
3170801229
3170801260
3170801291
3170801322
3170801353
3170801384
3170801415
3170801446
3170801477
3170801508
3170801539
3170801570
3170801601
3170801632
3170801663
3170801694
3170801725
3170801756
3170801787
3170801818
3170801849
3170801880
3170801911
3170801942
3170801973
3170802004
3170802035
3170802066
3170802097
3170802128
3170802159
3170802190
3170802221
3170802252
3170802283
3170802314
3170802345
3170802376
3170802407
3170802438
3170802469
3170802500
3170802531
3170802562
3170802593
3170802624
3170802655
3170802686
3170802717
3170802748
3170802779
3170802810
3170802841
3170802872
3170802903
3170802934
3170802965
3170802996
3170803027
3170803058
3170803089
3170803120
3170803151
3170803182
3170803213
3170803244
3170803275
3170803306
3170803337
3170803368
3170803399
3170803430
3170803461
3170803492
3170803523
3170803554
3170803585
3170803616
3170803647
3170803678
3170803709
3170803740
3170803771
3170803802
3170803833
3170803864
3170803895
3170803926
3170803957
3170803988
3170804019
3170804050
3170804081
3170804112
3170804143
3170804174
3170804205
3170804236
3170804267
3170804298
3170804329
3170804360
3170804391
3170804422
3170804453
3170804484
3170804515
3170804546
3170804577
3170804608
3170804639
3170804670
3170804701
3170804732
3170804763
3170804794
3170804825
3170804856
3170804887
3170804918
3170804949
3170804980
3170805011
3170805042
3170805073
3170805104
3170805135
3170805166
3170805197
3170805228
3170805259
3170805290
3170805321
3170805352
3170805383
3170805414
3170805445
3170805476
3170805507
3170805538
3170805569
3170805600
3170805631
3170805662
3170805693
3170805724
3170805755
3170805786
3170805817
3170805848
3170805879
3170805910
3170805941
3170805972
3170806003
3170806034
3170806065
3170806096
3170806127
3170806158
3170806189
3170806220
3170806251
3170806282
3170806313
3170806344
3170806375
3170806406
3170806437
3170806468
3170806499
3170806530
3170806561
3170806592
3170806623
3170806654
3170806685
3170806716
3170806747
3170806778
3170806809
3170806840
3170806871
3170806902
3170806933
3170806964
3170806995
3170807026
3170807057
3170807088
3170807119
3170807150
3170807181
3170807212
3170807243
3170807274
3170807305
3170807336
3170807367
3170807398
3170807429
3170807460
3170807491
3170807522
3170807553
3170807584
3170807615
3170807646
3170807677
3170807708
3170807739
3170807770
3170807801
3170807832
3170807863
3170807894
3170807925
3170807956
3170807987
3170808018
3170808049
3170808080
3170808111
3170808142
3170808173
3170808204
3170808235
3170808266
3170808297
3170808328
3170808359
3170808390
3170808421
3170808452
3170808483
3170808514
3170808545
3170808576
3170808607
3170808638
3170808669
3170808700
3170808731
3170808762
3170808793
3170808824
3170808855
3170808886
3170949254
3170949285
3170949316
3170949347
3170949378
3170949409
3170949440
3170949471
3170949502
3170949533
3170949564
3170949595
3170949626
3170949657
3170949688
3170949719
3170949750
3170949781
3170949812
3170949843
3170949874
3170949905
3170949936
3170949967
3170949998
3170950029
3170950060
3170950091
3170950122
3170950153
3170950184
3170950215
3170950246
3170950277
3170950308
3170950339
3170950370
3170950401
3170950432
3170950463
3170950494
3170950525
3170950556
3170950587
3170950618
3170950649
3170950680
3170950711
3170950742
3170950773
3170950804
3170950835
3170950866
3170950897
3170950928
3170950959
3170950990
3170951021
3170951052
3170951083
3170951114
3170951145
3170951176
3170951207
3170951238
3170951269
3170951300
3170951331
3170951362
3170951393
3170951424
3170951455
3170951486
3170951517
3170951548
3170951579
3170951610
3170951641
3170951672
3170951703
3170951734
3170951765
3170951796
3170951827
3170951858
3170951889
3170951920
3170951951
3170951982
3170952013
3170952044
3170952075
3170952106
3170952137
3170952168
3170952199
3170952230
3170952261
3170952292
3170952323
3170952354
3170952385
3170952416
3170952447
3170952478
3170952509
3170952540
3170952571
3170952602
3170952633
3170952664
3170952695
3170952726
3170952757
3170952788
3170952819
3170952850
3170952881
3170952912
3170952943
3170952974
3170953005
3170953036
3170953067
3170953098
3170953129
3170953160
3170953191
3170953222
3170953253
3170953284
3170953315
3170953346
3170953377
3170953408
3170953439
3170953470
3170953501
3170953532
3170953563
3170953594
3170953625
3170953656
3170953687
3170953718
3170953749
3170953780
3170953811
3170953842
3170953873
3170953904
3170953935
3170953966
3170953997
3170954028
3170954059
3170954090
3170954121
3170954152
3170954183
3170954214
3170954245
3170954276
3170954307
3170954338
3170954369
3170954400
3170954431
3170954462
3170954493
3170954524
3170954555
3170954586
3170954617
3170954648
3170954679
3170954710
3170954741
3170954772
3170954803
3170954834
3170954865
3170954896
3170954927
3170954958
3170954989
3170955020
3170955051
3170955082
3170955113
3170955144
3170955175
3170955206
3170955237
3170955268
3170955299
3170955330
3170955361
3170955392
3170955423
3170955454
3170955485
3170955516
3170955547
3170955578
3170955609
3170955640
3170955671
3170955702
3170955733
3170955764
3170955795
3170955826
3170955857
3170955888
3170955919
3170955950
3170955981
3170956012
3170956043
3170956074
3170956105
3170956136
3170956167
3170956198
3170956229
3170956260
3170956291
3170956322
3170956353
3170956384
3170956415
3170956446
3170956477
3170956508
3170956539
3170956570
3170956601
3170956632
3170956663
3170956694
3170956725
3170956756
3170956787
3170956818
3170956849
3170956880
3170956911
3170956942
3170956973
3170957004
3170957035
3170957066
3170957097
3170957128
3170957159
3170957190
3170957221
3170957252
3170957283
3170957314
3170957345
3170957376
3170957407
3170957438
3170957469
3170957500
3170957531
3170957562
3170957593
3170957624
3170957655
3170957686
3170957717
3170957748
3170957779
3170957810
3170957841
3170957872
3170957903
3170957934
3170957965
3170957996
3170958027
3170958058
3170958089
3170958120
3170958151
3170958182
3170958213
3170958244
3170958275
3170958306
3170958337
3170958368
3170958399
3170958430
3170958461
3170958492
3170958523
3170958554
3170958585
3170958616
3170958647
3170958678
3170958709
3170958740
3170958771
3170958802
3170958833
3170958864
3170958895
3170958926
3170958957
3170958988
3170959019
3170959050
3170959081
3170959112
3170959143
3170959174
3170959205
3170959236
3170959267
3170959298
3170959329
3170959360
3170959391
3170959422
3170959453
3170959484
3170959515
3170959546
3170959577
3170959608
3170959639
3170959670
3170959701
3170959732
3170959763
3170959794
3170959825
3170959856
3170959887
3170959918
3170959949
3170959980
3170960011
3170960042
3170960073
3170960104
3170960135
3170960166
3170960197
3170960228
3170960259
3170960290
3170960321
3170960352
3170960383
3170960414
3170960445
3170960476
3170960507
3170960538
3170960569
3170960600
3170960631
3170960662
3170960693
3170960724
3170960755
3170960786
3170960817
3170960848
3170960879
3170960910
3170960941
3170960972
3170961003
3170961034
3170961065
3170961096
3170961127
3170961158
3170961189
3170961220
3170961251
3170961282
3170961313
3170961344
3170961375
3170961406
3170961437
3170961468
3170961499
3170961530
3170961561
3170961592
3170961623
3170961654
3170961685
3170961716
3170961747
3170961778
3170961809
3170961840
3170961871
3170961902
3170961933
3170961964
3170961995
3170962026
3170962057
3170962088
3170962119
3170962150
3170962181
3170962212
3170962243
3170962274
3170962305
3170962336
3170962367
3170962398
3170962429
3170962460
3170962491
3170962522
3170962553
3170962584
3170962615
3170962646
3170962677
3170962708
3170962739
3170962770
3170962801
3170962832
3170962863
3170962894
3170962925
3170962956
3170962987
3170963018
3170963049
3170963080
3170963111
3170963142
3170963173
3170963204
3170963235
3170963266
3170963297
3170963328
3170963359
3170963390
3170963421
3170963452
3170963483
3170963514
3170963545
3170963576
3170963607
3170963638
3170963669
3170963700
3170963731
3170963762
3170963793
3170963824
3170963855
3170963886
3170963917
3170963948
3170963979
3170964010
3170964041
3170964072
3170964103
3170964134
3170964165
3170964196
3170964227
3170964258
3170964289
3170964320
3170964351
3170964382
3170964413
3170964444
3170964475
3170964506
3170964537
3170964568
3170964599
3170964630
3170964661
3170964692
3170964723
3170964754
3170964785
3170964816
3170964847
3170964878
3170964909
3170964940
3170964971
3170965002
3170965033
3170965064
3170965095
3170965126
3170965157
3170965188
3170965219
3170965250
3170965281
3170965312
3170965343
3170965374
3170965405
3170965436
3170965467
3170965498
3170965529
3170965560
3170965591
3170965622
3170965653
3170965684
3170965715
3170965746
3170965777
3170965808
3170965839
3170965870
3170965901
3170965932
3170965963
3170965994
3170966025
3170966056
3170966087
3170966118
3170966149
3170966180
3170966211
3170966242
3170966273
3170966304
3170966335
3170966366
3170966397
3170966428
3170966459
3170966490
3170966521
3170966552
3170966583
3170966614
3170966645
3170966676
3170966707
3170966738
3170966769
3170966800
3170966831
3170966862
3170966893
3170966924
3170966955
3170966986
3170967017
3170967048
3170967079
3170967110
3170967141
3170967172
3170967203
3170967234
3170967265
3170967296
3170967327
3170967358
3170967389
3170967420
3170967451
3170967482
3170967513
3170967544
3170967575
3170967606
3170967637
3170967668
3170967699
3170967730
3170967761
3170967792
3170967823
3170967854
3170967885
3170967916
3170967947
3170967978
3170968009
3170968040
3170968071
3170968102
3170968133
3170968164
3170968195
3170968226
3170968257
3170968288
3170968319
3170968350
3170968381
3170968412
3170968443
3170968474
3170968505
3170968536
3170968567
3170968598
3170968629
3170968660
3170968691
3170968722
3170968753
3170968784
3170968815
3170968846
3170968877
3170968908
3170968939
3170968970
3170969001
3170969032
3170969063
3170969094
3170969125
3170969156
3170969187
3170969218
3170969249
3170969280
3170969311
3170969342
3170969373
3170969404
3170969435
3170969466
3171112035
3171112066
3171112097
3171112128
3171112159
3171112190
3171112221
3171112252
3171112283
3171112314
3171112345
3171112376
3171112407
3171112438
3171112469
3171112500
3171112531
3171112562
3171112593
3171112624
3171112655
3171112686
3171112717
3171112748
3171112779
3171112810
3171112841
3171112872
3171112903
3171112934
3171112965
3171112996
3171113027
3171113058
3171113089
3171113120
3171113151
3171113182
3171113213
3171113244
3171113275
3171113306
3171113337
3171113368
3171113399
3171113430
3171113461
3171113492
3171113523
3171113554
3171113585
3171113616
3171113647
3171113678
3171113709
3171113740
3171113771
3171113802
3171113833
3171113864
3171113895
3171113926
3171113957
3171113988
3171114019
3171114050
3171114081
3171114112
3171114143
3171114174
3171114205
3171114236
3171114267
3171114298
3171114329
3171114360
3171114391
3171114422
3171114453
3171114484
3171114515
3171114546
3171114577
3171114608
3171114639
3171114670
3171114701
3171114732
3171114763
3171114794
3171114825
3171114856
3171114887
3171114918
3171114949
3171114980
3171115011
3171115042
3171115073
3171115104
3171115135
3171115166
3171115197
3171115228
3171115259
3171115290
3171115321
3171115352
3171115383
3171115414
3171115445
3171115476
3171115507
3171115538
3171115569
3171115600
3171115631
3171115662
3171115693
3171115724
3171115755
3171115786
3171115817
3171115848
3171115879
3171115910
3171115941
3171115972
3171116003
3171116034
3171116065
3171116096
3171116127
3171116158
3171116189
3171116220
3171116251
3171116282
3171116313
3171116344
3171116375
3171116406
3171116437
3171116468
3171116499
3171116530
3171116561
3171116592
3171116623
3171116654
3171116685
3171116716
3171116747
3171116778
3171116809
3171116840
3171116871
3171116902
3171116933
3171116964
3171116995
3171117026
3171117057
3171117088
3171117119
3171117150
3171117181
3171117212
3171117243
3171117274
3171117305
3171117336
3171117367
3171117398
3171117429
3171117460
3171117491
3171117522
3171117553
3171117584
3171117615
3171117646
3171117677
3171117708
3171117739
3171117770
3171117801
3171117832
3171117863
3171117894
3171117925
3171117956
3171117987
3171118018
3171118049
3171118080
3171118111
3171118142
3171118173
3171118204
3171118235
3171118266
3171118297
3171118328
3171118359
3171118390
3171118421
3171118452
3171118483
3171118514
3171118545
3171118576
3171118607
3171118638
3171118669
3171118700
3171118731
3171118762
3171118793
3171118824
3171118855
3171118886
3171118917
3171118948
3171118979
3171119010
3171119041
3171119072
3171119103
3171119134
3171119165
3171119196
3171119227
3171119258
3171119289
3171119320
3171119351
3171119382
3171119413
3171119444
3171119475
3171119506
3171119537
3171119568
3171119599
3171119630
3171119661
3171119692
3171119723
3171119754
3171119785
3171119816
3171119847
3171119878
3171119909
3171119940
3171119971
3171120002
3171120033
3171120064
3171120095
3171120126
3171120157
3171120188
3171120219
3171120250
3171120281
3171120312
3171120343
3171120374
3171120405
3171120436
3171120467
3171120498
3171120529
3171120560
3171120591
3171120622
3171120653
3171120684
3171120715
3171120746
3171120777
3171120808
3171120839
3171120870
3171120901
3171120932
3171120963
3171120994
3171121025
3171121056
3171121087
3171121118
3171121149
3171121180
3171121211
3171121242
3171121273
3171121304
3171121335
3171121366
3171121397
3171121428
3171121459
3171121490
3171121521
3171121552
3171121583
3171121614
3171121645
3171121676
3171121707
3171121738
3171121769
3171121800
3171121831
3171121862
3171121893
3171121924
3171121955
3171121986
3171122017
3171122048
3171122079
3171122110
3171122141
3171122172
3171122203
3171122234
3171122265
3171122296
3171122327
3171122358
3171122389
3171122420
3171122451
3171122482
3171122513
3171122544
3171122575
3171122606
3171122637
3171122668
3171122699
3171122730
3171122761
3171122792
3171122823
3171122854
3171122885
3171122916
3171122947
3171122978
3171123009
3171123040
3171123071
3171123102
3171123133
3171123164
3171123195
3171123226
3171123257
3171123288
3171123319
3171123350
3171123381
3171123412
3171123443
3171123474
3171123505
3171123536
3171123567
3171123598
3171123629
3171123660
3171123691
3171123722
3171123753
3171123784
3171123815
3171123846
3171123877
3171123908
3171123939
3171123970
3171124001
3171124032
3171124063
3171124094
3171124125
3171124156
3171124187
3171124218
3171124249
3171124280
3171124311
3171124342
3171124373
3171124404
3171124435
3171124466
3171124497
3171124528
3171124559
3171124590
3171124621
3171124652
3171124683
3171124714
3171124745
3171124776
3171124807
3171124838
3171124869
3171124900
3171124931
3171124962
3171124993
3171125024
3171125055
3171125086
3171125117
3171125148
3171125179
3171125210
3171125241
3171125272
3171125303
3171125334
3171125365
3171125396
3171125427
3171125458
3171125489
3171125520
3171125551
3171125582
3171125613
3171125644
3171125675
3171125706
3171125737
3171125768
3171125799
3171125830
3171125861
3171125892
3171125923
3171125954
3171125985
3171126016
3171126047
3171126078
3171126109
3171126140
3171126171
3171126202
3171126233
3171126264
3171126295
3171126326
3171126357
3171126388
3171126419
3171126450
3171126481
3171126512
3171126543
3171126574
3171126605
3171126636
3171126667
3171126698
3171126729
3171126760
3171126791
3171126822
3171126853
3171126884
3171126915
3171126946
3171126977
3171127008
3171127039
3171127070
3171127101
3171127132
3171127163
3171127194
3171127225
3171127256
3171127287
3171127318
3171127349
3171127380
3171127411
3171127442
3171127473
3171127504
3171127535
3171127566
3171127597
3171127628
3171127659
3171127690
3171127721
3171127752
3171127783
3171127814
3171127845
3171127876
3171127907
3171127938
3171127969
3171128000
3171128031
3171128062
3171128093
3171128124
3171128155
3171128186
3171128217
3171128248
3171128279
3171128310
3171128341
3171128372
3171128403
3171128434
3171128465
3171128496
3171128527
3171128558
3171128589
3171128620
3171128651
3171128682
3171128713
3171128744
3171128775
3171128806
3171128837
3171128868
3171128899
3171128930
3171128961
3171128992
3171129023
3171129054
3171129085
3171129116
3171129147
3171129178
3171129209
3171129240
3171129271
3171129302
3171129333
3171129364
3171129395
3171129426
3171129457
3171129488
3171129519
3171129550
3171129581
3171129612
3171129643
3171129674
3171129705
3171129736
3171129767
3171129798
3171129829
3171129860
3171129891
3171129922
3171129953
3171129984
3171130015
3171130046
3171130077
3171130108
3171130139
3171130170
3171130201
3171130232
3171130263
3171130294
3171130325
3171130356
3171130387
3171130418
3171130449
3171130480
3171130511
3171130542
3171130573
3171130604
3171130635
3171130666
3171130697
3171130728
3171130759
3171130790
3171130821
3171130852
3171130883
3171130914
3171130945
3171130976
3171131007
3171131038
3171131069
3171131100
3171131131
3171131162
3171131193
3171131224
3171131255
3171131286
3171131317
3171131348
3171131379
3171131410
3171131441
3171131472
3171131503
3171131534
3171131565
3171131596
3171131627
3171131658
3171131689
3171131720
3171131751
3171131782
3171131813
3171131844
3171131875
3171131906
3171131937
3171131968
3171131999
3171132030
3171132061
3171132092
3171132123
3171132154
3171132185
3171132216
3171132247
3171132278
3171132309
3171132340
3171132371
3171132402
3171132433
3171132464
3171132495
3171132526
3171132557
3171132588
3171132619
3171132650
3171132681
3171132712
3171279807
3171279838
3171279869
3171279900
3171279931
3171279962
3171279993
3171280024
3171280055
3171280086
3171280117
3171280148
3171280179
3171280210
3171280241
3171280272
3171280303
3171280334
3171280365
3171280396
3171280427
3171280458
3171280489
3171280520
3171280551
3171280582
3171280613
3171280644
3171280675
3171280706
3171280737
3171280768
3171280799
3171280830
3171280861
3171280892
3171280923
3171280954
3171280985
3171281016
3171281047
3171281078
3171281109
3171281140
3171281171
3171281202
3171281233
3171281264
3171281295
3171281326
3171281357
3171281388
3171281419
3171281450
3171281481
3171281512
3171281543
3171281574
3171281605
3171281636
3171281667
3171281698
3171281729
3171281760
3171281791
3171281822
3171281853
3171281884
3171281915
3171281946
3171281977
3171282008
3171282039
3171282070
3171282101
3171282132
3171282163
3171282194
3171282225
3171282256
3171282287
3171282318
3171282349
3171282380
3171282411
3171282442
3171282473
3171282504
3171282535
3171282566
3171282597
3171282628
3171282659
3171282690
3171282721
3171282752
3171282783
3171282814
3171282845
3171282876
3171282907
3171282938
3171282969
3171283000
3171283031
3171283062
3171283093
3171283124
3171283155
3171283186
3171283217
3171283248
3171283279
3171283310
3171283341
3171283372
3171283403
3171283434
3171283465
3171283496
3171283527
3171283558
3171283589
3171283620
3171283651
3171283682
3171283713
3171283744
3171283775
3171283806
3171283837
3171283868
3171283899
3171283930
3171283961
3171283992
3171284023
3171284054
3171284085
3171284116
3171284147
3171284178
3171284209
3171284240
3171284271
3171284302
3171284333
3171284364
3171284395
3171284426
3171284457
3171284488
3171284519
3171284550
3171284581
3171284612
3171284643
3171284674
3171284705
3171284736
3171284767
3171284798
3171284829
3171284860
3171284891
3171284922
3171284953
3171284984
3171285015
3171285046
3171285077
3171285108
3171285139
3171285170
3171285201
3171285232
3171285263
3171285294
3171285325
3171285356
3171285387
3171285418
3171285449
3171285480
3171285511
3171285542
3171285573
3171285604
3171285635
3171285666
3171285697
3171285728
3171285759
3171285790
3171285821
3171285852
3171285883
3171285914
3171285945
3171285976
3171286007
3171286038
3171286069
3171286100
3171286131
3171286162
3171286193
3171286224
3171286255
3171286286
3171286317
3171286348
3171286379
3171286410
3171286441
3171286472
3171286503
3171286534
3171286565
3171286596
3171286627
3171286658
3171286689
3171286720
3171286751
3171286782
3171286813
3171286844
3171286875
3171286906
3171286937
3171286968
3171286999
3171287030
3171287061
3171287092
3171287123
3171287154
3171287185
3171287216
3171287247
3171287278
3171287309
3171287340
3171287371
3171287402
3171287433
3171287464
3171287495
3171287526
3171287557
3171287588
3171287619
3171287650
3171287681
3171287712
3171287743
3171287774
3171287805
3171287836
3171287867
3171287898
3171287929
3171287960
3171287991
3171288022
3171288053
3171288084
3171288115
3171288146
3171288177
3171288208
3171288239
3171288270
3171288301
3171288332
3171288363
3171288394
3171288425
3171288456
3171288487
3171288518
3171288549
3171288580
3171288611
3171288642
3171288673
3171288704
3171288735
3171288766
3171288797
3171288828
3171288859
3171288890
3171288921
3171288952
3171288983
3171289014
3171289045
3171289076
3171289107
3171289138
3171289169
3171289200
3171289231
3171289262
3171289293
3171289324
3171289355
3171289386
3171289417
3171289448
3171289479
3171289510
3171289541
3171289572
3171289603
3171289634
3171289665
3171289696
3171289727
3171289758
3171289789
3171289820
3171289851
3171289882
3171289913
3171289944
3171289975
3171290006
3171290037
3171290068
3171290099
3171290130
3171290161
3171290192
3171290223
3171290254
3171290285
3171290316
3171290347
3171290378
3171290409
3171290440
3171290471
3171290502
3171290533
3171290564
3171290595
3171290626
3171290657
3171290688
3171290719
3171290750
3171290781
3171290812
3171290843
3171290874
3171290905
3171290936
3171290967
3171290998
3171291029
3171291060
3171291091
3171291122
3171291153
3171291184
3171291215
3171291246
3171291277
3171291308
3171291339
3171291370
3171291401
3171291432
3171291463
3171291494
3171291525
3171291556
3171291587
3171291618
3171291649
3171291680
3171291711
3171291742
3171291773
3171291804
3171291835
3171291866
3171291897
3171291928
3171291959
3171291990
3171292021
3171292052
3171292083
3171292114
3171292145
3171292176
3171292207
3171292238
3171292269
3171292300
3171292331
3171292362
3171292393
3171292424
3171292455
3171292486
3171292517
3171292548
3171292579
3171292610
3171292641
3171292672
3171292703
3171292734
3171292765
3171292796
3171292827
3171292858
3171292889
3171292920
3171292951
3171292982
3171293013
3171293044
3171293075
3171293106
3171293137
3171293168
3171293199
3171293230
3171293261
3171293292
3171293323
3171293354
3171293385
3171293416
3171293447
3171293478
3171293509
3171293540
3171293571
3171293602
3171293633
3171293664
3171293695
3171293726
3171293757
3171293788
3171293819
3171293850
3171293881
3171293912
3171293943
3171293974
3171294005
3171294036
3171294067
3171294098
3171294129
3171294160
3171294191
3171294222
3171294253
3171294284
3171294315
3171294346
3171294377
3171294408
3171294439
3171294470
3171294501
3171294532
3171294563
3171294594
3171294625
3171294656
3171294687
3171294718
3171294749
3171294780
3171294811
3171294842
3171294873
3171294904
3171294935
3171294966
3171294997
3171295028
3171295059
3171295090
3171295121
3171295152
3171295183
3171295214
3171295245
3171295276
3171295307
3171295338
3171295369
3171295400
3171295431
3171295462
3171295493
3171295524
3171295555
3171295586
3171295617
3171295648
3171295679
3171295710
3171295741
3171295772
3171295803
3171295834
3171295865
3171295896
3171295927
3171295958
3171295989
3171296020
3171296051
3171296082
3171296113
3171296144
3171296175
3171296206
3171296237
3171296268
3171296299
3171296330
3171296361
3171296392
3171296423
3171296454
3171296485
3171296516
3171296547
3171296578
3171296609
3171296640
3171296671
3171296702
3171296733
3171296764
3171296795
3171296826
3171296857
3171296888
3171296919
3171296950
3171296981
3171297012
3171297043
3171297074
3171297105
3171297136
3171297167
3171297198
3171297229
3171297260
3171297291
3171297322
3171297353
3171297384
3171297415
3171297446
3171297477
3171297508
3171297539
3171297570
3171297601
3171297632
3171297663
3171297694
3171297725
3171297756
3171297787
3171297818
3171297849
3171297880
3171297911
3171297942
3171297973
3171298004
3171298035
3171298066
3171298097
3171298128
3171298159
3171298190
3171298221
3171298252
3171298283
3171298314
3171298345
3171298376
3171298407
3171298438
3171298469
3171298500
3171298531
3171298562
3171298593
3171298624
3171298655
3171298686
3171298717
3171298748
3171298779
3171298810
3171298841
3171298872
3171298903
3171298934
3171298965
3171298996
3171299027
3171299058
3171299089
3171299120
3171299151
3171299182
3171299213
3171299244
3171299275
3171299306
3171299337
3171299368
3171299399
3171299430
3171299461
3171299492
3171299523
3171299554
3171299585
3171299616
3171299647
3171299678
3171299709
3171299740
3171299771
3171299802
3171299833
3171299864
3171299895
3171299926
3171299957
3171299988
3171300019
3171300050
3171300081
3171300112
3171300143
3171300174
3171300205
3171300236
3171300267
3171300298
3171300329
3171300360
3171300391
3171300422
3171300453
3171300484
3171300515
3171300546
3171445843
3171445874
3171445905
3171445936
3171445967
3171445998
3171446029
3171446060
3171446091
3171446122
3171446153
3171446184
3171446215
3171446246
3171446277
3171446308
3171446339
3171446370
3171446401
3171446432
3171446463
3171446494
3171446525
3171446556
3171446587
3171446618
3171446649
3171446680
3171446711
3171446742
3171446773
3171446804
3171446835
3171446866
3171446897
3171446928
3171446959
3171446990
3171447021
3171447052
3171447083
3171447114
3171447145
3171447176
3171447207
3171447238
3171447269
3171447300
3171447331
3171447362
3171447393
3171447424
3171447455
3171447486
3171447517
3171447548
3171447579
3171447610
3171447641
3171447672
3171447703
3171447734
3171447765
3171447796
3171447827
3171447858
3171447889
3171447920
3171447951
3171447982
3171448013
3171448044
3171448075
3171448106
3171448137
3171448168
3171448199
3171448230
3171448261
3171448292
3171448323
3171448354
3171448385
3171448416
3171448447
3171448478
3171448509
3171448540
3171448571
3171448602
3171448633
3171448664
3171448695
3171448726
3171448757
3171448788
3171448819
3171448850
3171448881
3171448912
3171448943
3171448974
3171449005
3171449036
3171449067
3171449098
3171449129
3171449160
3171449191
3171449222
3171449253
3171449284
3171449315
3171449346
3171449377
3171449408
3171449439
3171449470
3171449501
3171449532
3171449563
3171449594
3171449625
3171449656
3171449687
3171449718
3171449749
3171449780
3171449811
3171449842
3171449873
3171449904
3171449935
3171449966
3171449997
3171450028
3171450059
3171450090
3171450121
3171450152
3171450183
3171450214
3171450245
3171450276
3171450307
3171450338
3171450369
3171450400
3171450431
3171450462
3171450493
3171450524
3171450555
3171450586
3171450617
3171450648
3171450679
3171450710
3171450741
3171450772
3171450803
3171450834
3171450865
3171450896
3171450927
3171450958
3171450989
3171451020
3171451051
3171451082
3171451113
3171451144
3171451175
3171451206
3171451237
3171451268
3171451299
3171451330
3171451361
3171451392
3171451423
3171451454
3171451485
3171451516
3171451547
3171451578
3171451609
3171451640
3171451671
3171451702
3171451733
3171451764
3171451795
3171451826
3171451857
3171451888
3171451919
3171451950
3171451981
3171452012
3171452043
3171452074
3171452105
3171452136
3171452167
3171452198
3171452229
3171452260
3171452291
3171452322
3171452353
3171452384
3171452415
3171452446
3171452477
3171452508
3171452539
3171452570
3171452601
3171452632
3171452663
3171452694
3171452725
3171452756
3171452787
3171452818
3171452849
3171452880
3171452911
3171452942
3171452973
3171453004
3171453035
3171453066
3171453097
3171453128
3171453159
3171453190
3171453221
3171453252
3171453283
3171453314
3171453345
3171453376
3171453407
3171453438
3171453469
3171453500
3171453531
3171453562
3171453593
3171453624
3171453655
3171453686
3171453717
3171453748
3171453779
3171453810
3171453841
3171453872
3171453903
3171453934
3171453965
3171453996
3171454027
3171454058
3171454089
3171454120
3171454151
3171454182
3171454213
3171454244
3171454275
3171454306
3171454337
3171454368
3171454399
3171454430
3171454461
3171454492
3171454523
3171454554
3171454585
3171454616
3171454647
3171454678
3171454709
3171454740
3171454771
3171454802
3171454833
3171454864
3171454895
3171454926
3171454957
3171454988
3171455019
3171455050
3171455081
3171455112
3171455143
3171455174
3171455205
3171455236
3171455267
3171455298
3171455329
3171455360
3171455391
3171455422
3171455453
3171455484
3171455515
3171455546
3171455577
3171455608
3171455639
3171455670
3171455701
3171455732
3171455763
3171455794
3171455825
3171455856
3171455887
3171455918
3171455949
3171455980
3171456011
3171456042
3171456073
3171456104
3171456135
3171456166
3171456197
3171456228
3171456259
3171456290
3171456321
3171456352
3171456383
3171456414
3171456445
3171456476
3171456507
3171456538
3171456569
3171456600
3171456631
3171456662
3171456693
3171456724
3171456755
3171456786
3171456817
3171456848
3171456879
3171456910
3171456941
3171456972
3171457003
3171457034
3171457065
3171457096
3171457127
3171457158
3171457189
3171457220
3171457251
3171457282
3171457313
3171457344
3171457375
3171457406
3171457437
3171457468
3171457499
3171457530
3171457561
3171457592
3171457623
3171457654
3171457685
3171457716
3171457747
3171457778
3171457809
3171457840
3171457871
3171457902
3171457933
3171457964
3171457995
3171458026
3171458057
3171458088
3171458119
3171458150
3171458181
3171458212
3171458243
3171458274
3171458305
3171458336
3171458367
3171458398
3171458429
3171458460
3171458491
3171458522
3171458553
3171458584
3171458615
3171458646
3171458677
3171458708
3171458739
3171458770
3171458801
3171458832
3171458863
3171458894
3171458925
3171458956
3171458987
3171459018
3171459049
3171459080
3171459111
3171459142
3171459173
3171459204
3171459235
3171459266
3171459297
3171459328
3171459359
3171459390
3171459421
3171459452
3171459483
3171459514
3171459545
3171459576
3171459607
3171459638
3171459669
3171459700
3171459731
3171459762
3171459793
3171459824
3171459855
3171459886
3171459917
3171459948
3171459979
3171460010
3171460041
3171460072
3171460103
3171460134
3171460165
3171460196
3171460227
3171460258
3171460289
3171460320
3171460351
3171460382
3171460413
3171460444
3171460475
3171460506
3171460537
3171460568
3171460599
3171460630
3171460661
3171460692
3171460723
3171460754
3171460785
3171460816
3171460847
3171460878
3171460909
3171460940
3171460971
3171461002
3171461033
3171461064
3171461095
3171461126
3171461157
3171461188
3171461219
3171461250
3171461281
3171461312
3171461343
3171461374
3171461405
3171461436
3171461467
3171461498
3171461529
3171461560
3171461591
3171461622
3171461653
3171461684
3171461715
3171461746
3171461777
3171461808
3171461839
3171461870
3171461901
3171461932
3171461963
3171461994
3171462025
3171462056
3171462087
3171462118
3171462149
3171462180
3171462211
3171462242
3171462273
3171462304
3171462335
3171462366
3171462397
3171462428
3171462459
3171462490
3171462521
3171462552
3171462583
3171462614
3171462645
3171462676
3171462707
3171462738
3171462769
3171462800
3171462831
3171462862
3171462893
3171462924
3171462955
3171462986
3171463017
3171463048
3171463079
3171463110
3171463141
3171463172
3171463203
3171463234
3171463265
3171463296
3171463327
3171463358
3171463389
3171463420
3171463451
3171463482
3171463513
3171463544
3171463575
3171463606
3171463637
3171463668
3171463699
3171463730
3171463761
3171463792
3171463823
3171463854
3171463885
3171463916
3171463947
3171463978
3171464009
3171464040
3171464071
3171464102
3171464133
3171464164
3171464195
3171464226
3171464257
3171464288
3171464319
3171464350
3171464381
3171464412
3171464443
3171464474
3171464505
3171464536
3171464567
3171464598
3171464629
3171464660
3171464691
3171464722
3171464753
3171464784
3171464815
3171464846
3171464877
3171464908
3171464939
3171464970
3171465001
3171465032
3171465063
3171465094
3171465125
3171465156
3171465187
3171465218
3171465249
3171465280
3171465311
3171465342
3171465373
3171465404
3171465435
3171465466
3171465497
3171465528
3171465559
3171465590
3171465621
3171465652
3171465683
3171465714
3171465745
3171465776
3171465807
3171465838
3171465869
3171465900
3171465931
3171465962
3171465993
3171466024
3171466055
3171466086
3171466117
3171466148
3171466179
3171466210
3171466241
3171466272
3171466303
3171466334
3171466365
3171466396
3171466427
3171466458
3171466489
3171466520
3171466551
3171466582
3171466613
3171466644
3171466675
3171466706
3171466737
3171466768
3171466799
3171466830
3171466861
3171466892
3171466923
3171466954
3171466985
3171467016
3171467047
3171467078
3171467109
3171467140
3171467171
3171467202
3171467233
3171467264
3171467295
3171467326
3171467357
3171467388
3171467419
3171467450
3171467481
3171467512
3171467543
3171467574
3171467605
3171467636
3171467667
3171467698
3171467729
3171467760
3171467791
3171467822
3171467853
3171467884
3171467915
3171467946
3171467977
3171468008
3171468039
3171468070
3171468101
3171468132
3171468163
3171468194
3171468225
3171468256
3171468287
3171468318
3171468349
3171468380
3171468411
3171468442
3171468473
3171468504
3171468535
3171468566
3171468597
3171468628
3171468659
3171468690
3171468721
3171468752
3171468783
3171468814
3171468845
3171468876
3171468907
3171468938
3171625240
3171625271
3171625302
3171625333
3171625364
3171625395
3171625426
3171625457
3171625488
3171625519
3171625550
3171625581
3171625612
3171625643
3171625674
3171625705
3171625736
3171625767
3171625798
3171625829
3171625860
3171625891
3171625922
3171625953
3171625984
3171626015
3171626046
3171626077
3171626108
3171626139
3171626170
3171626201
3171626232
3171626263
3171626294
3171626325
3171626356
3171626387
3171626418
3171626449
3171626480
3171626511
3171626542
3171626573
3171626604
3171626635
3171626666
3171626697
3171626728
3171626759
3171626790
3171626821
3171626852
3171626883
3171626914
3171626945
3171626976
3171627007
3171627038
3171627069
3171627100
3171627131
3171627162
3171627193
3171627224
3171627255
3171627286
3171627317
3171627348
3171627379
3171627410
3171627441
3171627472
3171627503
3171627534
3171627565
3171627596
3171627627
3171627658
3171627689
3171627720
3171627751
3171627782
3171627813
3171627844
3171627875
3171627906
3171627937
3171627968
3171627999
3171628030
3171628061
3171628092
3171628123
3171628154
3171628185
3171628216
3171628247
3171628278
3171628309
3171628340
3171628371
3171628402
3171628433
3171628464
3171628495
3171628526
3171628557
3171628588
3171628619
3171628650
3171628681
3171628712
3171628743
3171628774
3171628805
3171628836
3171628867
3171628898
3171628929
3171628960
3171628991
3171629022
3171629053
3171629084
3171629115
3171629146
3171629177
3171629208
3171629239
3171629270
3171629301
3171629332
3171629363
3171629394
3171629425
3171629456
3171629487
3171629518
3171629549
3171629580
3171629611
3171629642
3171629673
3171629704
3171629735
3171629766
3171629797
3171629828
3171629859
3171629890
3171629921
3171629952
3171629983
3171630014
3171630045
3171630076
3171630107
3171630138
3171630169
3171630200
3171630231
3171630262
3171630293
3171630324
3171630355
3171630386
3171630417
3171630448
3171630479
3171630510
3171630541
3171630572
3171630603
3171630634
3171630665
3171630696
3171630727
3171630758
3171630789
3171630820
3171630851
3171630882
3171630913
3171630944
3171630975
3171631006
3171631037
3171631068
3171631099
3171631130
3171631161
3171631192
3171631223
3171631254
3171631285
3171631316
3171631347
3171631378
3171631409
3171631440
3171631471
3171631502
3171631533
3171631564
3171631595
3171631626
3171631657
3171631688
3171631719
3171631750
3171631781
3171631812
3171631843
3171631874
3171631905
3171631936
3171631967
3171631998
3171632029
3171632060
3171632091
3171632122
3171632153
3171632184
3171632215
3171632246
3171632277
3171632308
3171632339
3171632370
3171632401
3171632432
3171632463
3171632494
3171632525
3171632556
3171632587
3171632618
3171632649
3171632680
3171632711
3171632742
3171632773
3171632804
3171632835
3171632866
3171632897
3171632928
3171632959
3171632990
3171633021
3171633052
3171633083
3171633114
3171633145
3171633176
3171633207
3171633238
3171633269
3171633300
3171633331
3171633362
3171633393
3171633424
3171633455
3171633486
3171633517
3171633548
3171633579
3171633610
3171633641
3171633672
3171633703
3171633734
3171633765
3171633796
3171633827
3171633858
3171633889
3171633920
3171633951
3171633982
3171634013
3171634044
3171634075
3171634106
3171634137
3171634168
3171634199
3171634230
3171634261
3171634292
3171634323
3171634354
3171634385
3171634416
3171634447
3171634478
3171634509
3171634540
3171634571
3171634602
3171634633
3171634664
3171634695
3171634726
3171634757
3171634788
3171634819
3171634850
3171634881
3171634912
3171634943
3171634974
3171635005
3171635036
3171635067
3171635098
3171635129
3171635160
3171635191
3171635222
3171635253
3171635284
3171635315
3171635346
3171635377
3171635408
3171635439
3171635470
3171635501
3171635532
3171635563
3171635594
3171635625
3171635656
3171635687
3171635718
3171635749
3171635780
3171635811
3171635842
3171635873
3171635904
3171635935
3171635966
3171635997
3171636028
3171636059
3171636090
3171636121
3171636152
3171636183
3171636214
3171636245
3171636276
3171636307
3171636338
3171636369
3171636400
3171636431
3171636462
3171636493
3171636524
3171636555
3171636586
3171636617
3171636648
3171636679
3171636710
3171636741
3171636772
3171636803
3171636834
3171636865
3171636896
3171636927
3171636958
3171636989
3171637020
3171637051
3171637082
3171637113
3171637144
3171637175
3171637206
3171637237
3171637268
3171637299
3171637330
3171637361
3171637392
3171637423
3171637454
3171637485
3171637516
3171637547
3171637578
3171637609
3171637640
3171637671
3171637702
3171637733
3171637764
3171637795
3171637826
3171637857
3171637888
3171637919
3171637950
3171637981
3171638012
3171638043
3171638074
3171638105
3171638136
3171638167
3171638198
3171638229
3171638260
3171638291
3171638322
3171638353
3171638384
3171638415
3171638446
3171638477
3171638508
3171638539
3171638570
3171638601
3171638632
3171638663
3171638694
3171638725
3171638756
3171638787
3171638818
3171638849
3171638880
3171638911
3171638942
3171638973
3171639004
3171639035
3171639066
3171639097
3171639128
3171639159
3171639190
3171639221
3171639252
3171639283
3171639314
3171639345
3171639376
3171639407
3171639438
3171639469
3171639500
3171639531
3171639562
3171639593
3171639624
3171639655
3171639686
3171639717
3171639748
3171639779
3171639810
3171639841
3171639872
3171639903
3171639934
3171639965
3171639996
3171640027
3171640058
3171640089
3171640120
3171640151
3171640182
3171640213
3171640244
3171640275
3171640306
3171640337
3171640368
3171640399
3171640430
3171640461
3171640492
3171640523
3171640554
3171640585
3171640616
3171640647
3171640678
3171640709
3171640740
3171640771
3171640802
3171640833
3171640864
3171640895
3171640926
3171640957
3171640988
3171641019
3171641050
3171641081
3171641112
3171641143
3171641174
3171641205
3171641236
3171641267
3171641298
3171641329
3171641360
3171641391
3171641422
3171641453
3171641484
3171641515
3171641546
3171641577
3171641608
3171641639
3171641670
3171641701
3171641732
3171641763
3171641794
3171641825
3171641856
3171641887
3171641918
3171641949
3171641980
3171642011
3171642042
3171642073
3171642104
3171642135
3171642166
3171642197
3171642228
3171642259
3171642290
3171642321
3171642352
3171642383
3171642414
3171642445
3171642476
3171642507
3171642538
3171642569
3171642600
3171642631
3171642662
3171642693
3171642724
3171642755
3171642786
3171642817
3171642848
3171642879
3171642910
3171642941
3171642972
3171643003
3171643034
3171643065
3171643096
3171643127
3171643158
3171643189
3171643220
3171643251
3171643282
3171643313
3171643344
3171643375
3171643406
3171643437
3171643468
3171643499
3171643530
3171643561
3171643592
3171643623
3171643654
3171643685
3171643716
3171643747
3171643778
3171643809
3171643840
3171643871
3171643902
3171643933
3171643964
3171643995
3171644026
3171644057
3171644088
3171644119
3171644150
3171644181
3171644212
3171644243
3171644274
3171644305
3171644336
3171644367
3171644398
3171644429
3171644460
3171644491
3171644522
3171644553
3171644584
3171644615
3171644646
3171644677
3171644708
3171644739
3171644770
3171644801
3171644832
3171644863
3171644894
3171644925
3171644956
3171644987
3171645018
3171645049
3171645080
3171645111
3171645142
3171645173
3171645204
3171645235
3171645266
3171645297
3171645328
3171645359
3171645390
3171645421
3171645452
3171645483
3171645514
3171645545
3171645576
3171645607
3171645638
3171645669
3171645700
3171645731
3171645762
3171645793
3171645824
3171645855
3171645886
3171645917
3171645948
3171645979
3171646010
3171646041
3171646072
3171646103
3171646134
3171646165
3171646196
3171646227
3171646258
3171646289
3171646320
3171646351
3171646382
3171646413
3171646444
3171646475
3171646506
3171646537
3171646568
3171646599
3171646630
3171646661
3171646692
3171646723
3171646754
3171646785
3171646816
3171646847
3171646878
3171646909
3171646940
3171646971
3171647002
3171647033
3171647064
3171647095
3171647126
3171647157
3171647188
3171647219
3171647250
3171647281
3171647312
3171647343
3171647374
3171647405
3171647436
3171647467
3171647498
3171647529
3171647560
3171647591
3171647622
3171647653
3171647684
3171647715
3171647746
3171647777
3171647808
3171647839
3171647870
3171647901
3171647932
3171647963
3171647994
3171648025
3171648056
3171648087
3171648118
3171648149
3171648180
3171648211
3171648242
3171648273
3171648304
3171648335
3171648366
3171648397
3171648428
3171648459
3171838799
3171838830
3171838861
3171838892
3171838923
3171838954
3171838985
3171839016
3171839047
3171839078
3171839109
3171839140
3171839171
3171839202
3171839233
3171839264
3171839295
3171839326
3171839357
3171839388
3171839419
3171839450
3171839481
3171839512
3171839543
3171839574
3171839605
3171839636
3171839667
3171839698
3171839729
3171839760
3171839791
3171839822
3171839853
3171839884
3171839915
3171839946
3171839977
3171840008
3171840039
3171840070
3171840101
3171840132
3171840163
3171840194
3171840225
3171840256
3171840287
3171840318
3171840349
3171840380
3171840411
3171840442
3171840473
3171840504
3171840535
3171840566
3171840597
3171840628
3171840659
3171840690
3171840721
3171840752
3171840783
3171840814
3171840845
3171840876
3171840907
3171840938
3171840969
3171841000
3171841031
3171841062
3171841093
3171841124
3171841155
3171841186
3171841217
3171841248
3171841279
3171841310
3171841341
3171841372
3171841403
3171841434
3171841465
3171841496
3171841527
3171841558
3171841589
3171841620
3171841651
3171841682
3171841713
3171841744
3171841775
3171841806
3171841837
3171841868
3171841899
3171841930
3171841961
3171841992
3171842023
3171842054
3171842085
3171842116
3171842147
3171842178
3171842209
3171842240
3171842271
3171842302
3171842333
3171842364
3171842395
3171842426
3171842457
3171842488
3171842519
3171842550
3171842581
3171842612
3171842643
3171842674
3171842705
3171842736
3171842767
3171842798
3171842829
3171842860
3171842891
3171842922
3171842953
3171842984
3171843015
3171843046
3171843077
3171843108
3171843139
3171843170
3171843201
3171843232
3171843263
3171843294
3171843325
3171843356
3171843387
3171843418
3171843449
3171843480
3171843511
3171843542
3171843573
3171843604
3171843635
3171843666
3171843697
3171843728
3171843759
3171843790
3171843821
3171843852
3171843883
3171843914
3171843945
3171843976
3171844007
3171844038
3171844069
3171844100
3171844131
3171844162
3171844193
3171844224
3171844255
3171844286
3171844317
3171844348
3171844379
3171844410
3171844441
3171844472
3171844503
3171844534
3171844565
3171844596
3171844627
3171844658
3171844689
3171844720
3171844751
3171844782
3171844813
3171844844
3171844875
3171844906
3171844937
3171844968
3171844999
3171845030
3171845061
3171845092
3171845123
3171845154
3171845185
3171845216
3171845247
3171845278
3171845309
3171845340
3171845371
3171845402
3171845433
3171845464
3171845495
3171845526
3171845557
3171845588
3171845619
3171845650
3171845681
3171845712
3171845743
3171845774
3171845805
3171845836
3171845867
3171845898
3171845929
3171845960
3171845991
3171846022
3171846053
3171846084
3171846115
3171846146
3171846177
3171846208
3171846239
3171846270
3171846301
3171846332
3171846363
3171846394
3171846425
3171846456
3171846487
3171846518
3171846549
3171846580
3171846611
3171846642
3171846673
3171846704
3171846735
3171846766
3171846797
3171846828
3171846859
3171846890
3171846921
3171846952
3171846983
3171847014
3171847045
3171847076
3171847107
3171847138
3171847169
3171847200
3171847231
3171847262
3171847293
3171847324
3171847355
3171847386
3171847417
3171847448
3171847479
3171847510
3171847541
3171847572
3171847603
3171847634
3171847665
3171847696
3171847727
3171847758
3171847789
3171847820
3171847851
3171847882
3171847913
3171847944
3171847975
3171848006
3171848037
3171848068
3171848099
3171848130
3171848161
3171848192
3171848223
3171848254
3171848285
3171848316
3171848347
3171848378
3171848409
3171848440
3171848471
3171848502
3171848533
3171848564
3171848595
3171848626
3171848657
3171848688
3171848719
3171848750
3171848781
3171848812
3171848843
3171848874
3171848905
3171848936
3171848967
3171848998
3171849029
3171849060
3171849091
3171849122
3171849153
3171849184
3171849215
3171849246
3171849277
3171849308
3171849339
3171849370
3171849401
3171849432
3171849463
3171849494
3171849525
3171849556
3171849587
3171849618
3171849649
3171849680
3171849711
3171849742
3171849773
3171849804
3171849835
3171849866
3171849897
3171849928
3171849959
3171849990
3171850021
3171850052
3171850083
3171850114
3171850145
3171850176
3171850207
3171850238
3171850269
3171850300
3171850331
3171850362
3171850393
3171850424
3171850455
3171850486
3171850517
3171850548
3171850579
3171850610
3171850641
3171850672
3171850703
3171850734
3171850765
3171850796
3171850827
3171850858
3171850889
3171850920
3171850951
3171850982
3171851013
3171851044
3171851075
3171851106
3171851137
3171851168
3171851199
3171851230
3171851261
3171851292
3171851323
3171851354
3171851385
3171851416
3171851447
3171851478
3171851509
3171851540
3171851571
3171851602
3171851633
3171851664
3171851695
3171851726
3171851757
3171851788
3171851819
3171851850
3171851881
3171851912
3171851943
3171851974
3171852005
3171852036
3171852067
3171852098
3171852129
3171852160
3171852191
3171852222
3171852253
3171852284
3171852315
3171852346
3171852377
3171852408
3171852439
3171852470
3171852501
3171852532
3171852563
3171852594
3171852625
3171852656
3171852687
3171852718
3171852749
3171852780
3171852811
3171852842
3171852873
3171852904
3171852935
3171852966
3171852997
3171853028
3171853059
3171853090
3171853121
3171853152
3171853183
3171853214
3171853245
3171853276
3171853307
3171853338
3171853369
3171853400
3171853431
3171853462
3171853493
3171853524
3171853555
3171853586
3171853617
3171853648
3171853679
3171853710
3171853741
3171853772
3171853803
3171853834
3171853865
3171853896
3171853927
3171853958
3171853989
3171854020
3171854051
3171854082
3171854113
3171854144
3171854175
3171854206
3171854237
3171854268
3171854299
3171854330
3171854361
3171854392
3171854423
3171854454
3171854485
3171854516
3171854547
3171854578
3171854609
3171854640
3171854671
3171854702
3171854733
3171854764
3171854795
3171854826
3171854857
3171854888
3171854919
3171854950
3171854981
3171855012
3171855043
3171855074
3171855105
3171855136
3171855167
3171855198
3171855229
3171855260
3171855291
3171855322
3171855353
3171855384
3171855415
3171855446
3171855477
3171855508
3171855539
3171855570
3171855601
3171855632
3171855663
3171855694
3171855725
3171855756
3171855787
3171855818
3171855849
3171855880
3171855911
3171855942
3171855973
3171856004
3171856035
3171856066
3171856097
3171856128
3171856159
3171856190
3171856221
3171856252
3171856283
3171856314
3171856345
3171856376
3171856407
3171856438
3171856469
3171856500
3171856531
3171856562
3171856593
3171856624
3171856655
3171856686
3171856717
3171856748
3171856779
3171856810
3171856841
3171856872
3171856903
3171856934
3171856965
3171856996
3171857027
3171857058
3171857089
3171857120
3171857151
3171857182
3171857213
3171857244
3171857275
3171857306
3171857337
3171857368
3171857399
3171857430
3171857461
3171857492
3171857523
3171857554
3171857585
3171857616
3171857647
3171857678
3171857709
3171857740
3171857771
3171857802
3171857833
3171857864
3171857895
3171857926
3171857957
3171857988
3171858019
3171858050
3171858081
3171858112
3171858143
3171858174
3171858205
3171858236
3171858267
3171858298
3171858329
3171858360
3171858391
3171858422
3171858453
3171858484
3171858515
3171858546
3171858577
3171858608
3171858639
3171858670
3171858701
3171858732
3171858763
3171858794
3171858825
3171858856
3171858887
3171858918
3171858949
3171858980
3171859011
3171859042
3171859073
3171859104
3171859135
3171859166
3171859197
3171859228
3171859259
3171859290
3171859321
3171859352
3171859383
3171859414
3171859445
3171859476
3171859507
3171859538
3171859569
3171859600
3171859631
3171859662
3171859693
3171859724
3171859755
3171859786
3171859817
3171859848
3171859879
3171859910
3171859941
3171859972
3171860003
3171860034
3171860065
3171860096
3171860127
3171860158
3171860189
3171860220
3171860251
3171860282
3171860313
3171860344
3171860375
3171860406
3171860437
3171860468
3171860499
3171860530
3171860561
3171860592
3171860623
3171860654
3171860685
3171860716
3171860747
3171860778
3171860809
3171860840
3171860871
3171860902
3171860933
3171860964
3171860995
3171861026
3171861057
3171861088
3171861119
3171861150
3171861181
3171861212
3171861243
3171861274
3171861305
3171861336
3171861367
3171861398
3171861429
3171861460
3171861491
3171861522
3171861553
3171861584
3171861615
3171861646
3171861677
3171861708
3171861739
3171861770
3171861801
3171861832
3171861863
3171861894
3171861925
3171861956
3171861987
3171862018
3171862049
3171862080
3171862111
3171862142
3171862173
3171862204
3171862235
3171862266
3171862297
3171862328
3171862359
3171862390
3171862421
3171862452
3171862483
3171862514
3171862545
3171862576
3171862607
3171862638
3171862669
3171862700
3171862731
3171862762
3171862793
3171862824
3171862855
3171862886
3171862917
3171862948
3171862979
3171863010
3171863041
3171863072
3171863103
3171863134
3171863165
3171863196
3171863227
3171863258
3171863289
3171863320
3171863351
3171863382
3171863413
3171863444
3171863475
3171863506
3171863537
3171863568
3171863599
3171863630
3171863661
3171863692
3171863723
3171863754
3171863785
3171863816
3171863847
3171863878
3171863909
3171863940
3171863971
3171864002
3171864033
3171864064
3171864095
3171864126
3171864157
3171864188
3171864219
3171864250
3171864281
3171864312
3171864343
3171864374
3171864405
3171864436
3171864467
3171864498
3171864529
3172049041
3172049072
3172049103
3172049134
3172049165
3172049196
3172049227
3172049258
3172049289
3172049320
3172049351
3172049382
3172049413
3172049444
3172049475
3172049506
3172049537
3172049568
3172049599
3172049630
3172049661
3172049692
3172049723
3172049754
3172049785
3172049816
3172049847
3172049878
3172049909
3172049940
3172049971
3172050002
3172050033
3172050064
3172050095
3172050126
3172050157
3172050188
3172050219
3172050250
3172050281
3172050312
3172050343
3172050374
3172050405
3172050436
3172050467
3172050498
3172050529
3172050560
3172050591
3172050622
3172050653
3172050684
3172050715
3172050746
3172050777
3172050808
3172050839
3172050870
3172050901
3172050932
3172050963
3172050994
3172051025
3172051056
3172051087
3172051118
3172051149
3172051180
3172051211
3172051242
3172051273
3172051304
3172051335
3172051366
3172051397
3172051428
3172051459
3172051490
3172051521
3172051552
3172051583
3172051614
3172051645
3172051676
3172051707
3172051738
3172051769
3172051800
3172051831
3172051862
3172051893
3172051924
3172051955
3172051986
3172052017
3172052048
3172052079
3172052110
3172052141
3172052172
3172052203
3172052234
3172052265
3172052296
3172052327
3172052358
3172052389
3172052420
3172052451
3172052482
3172052513
3172052544
3172052575
3172052606
3172052637
3172052668
3172052699
3172052730
3172052761
3172052792
3172052823
3172052854
3172052885
3172052916
3172052947
3172052978
3172053009
3172053040
3172053071
3172053102
3172053133
3172053164
3172053195
3172053226
3172053257
3172053288
3172053319
3172053350
3172053381
3172053412
3172053443
3172053474
3172053505
3172053536
3172053567
3172053598
3172053629
3172053660
3172053691
3172053722
3172053753
3172053784
3172053815
3172053846
3172053877
3172053908
3172053939
3172053970
3172054001
3172054032
3172054063
3172054094
3172054125
3172054156
3172054187
3172054218
3172054249
3172054280
3172054311
3172054342
3172054373
3172054404
3172054435
3172054466
3172054497
3172054528
3172054559
3172054590
3172054621
3172054652
3172054683
3172054714
3172054745
3172054776
3172054807
3172054838
3172054869
3172054900
3172054931
3172054962
3172054993
3172055024
3172055055
3172055086
3172055117
3172055148
3172055179
3172055210
3172055241
3172055272
3172055303
3172055334
3172055365
3172055396
3172055427
3172055458
3172055489
3172055520
3172055551
3172055582
3172055613
3172055644
3172055675
3172055706
3172055737
3172055768
3172055799
3172055830
3172055861
3172055892
3172055923
3172055954
3172055985
3172056016
3172056047
3172056078
3172056109
3172056140
3172056171
3172056202
3172056233
3172056264
3172056295
3172056326
3172056357
3172056388
3172056419
3172056450
3172056481
3172056512
3172056543
3172056574
3172056605
3172056636
3172056667
3172056698
3172056729
3172056760
3172056791
3172056822
3172056853
3172056884
3172056915
3172056946
3172056977
3172057008
3172057039
3172057070
3172057101
3172057132
3172057163
3172057194
3172057225
3172057256
3172057287
3172057318
3172057349
3172057380
3172057411
3172057442
3172057473
3172057504
3172057535
3172057566
3172057597
3172057628
3172057659
3172057690
3172057721
3172057752
3172057783
3172057814
3172057845
3172057876
3172057907
3172057938
3172057969
3172058000
3172058031
3172058062
3172058093
3172058124
3172058155
3172058186
3172058217
3172058248
3172058279
3172058310
3172058341
3172058372
3172058403
3172058434
3172058465
3172058496
3172058527
3172058558
3172058589
3172058620
3172058651
3172058682
3172058713
3172058744
3172058775
3172058806
3172058837
3172058868
3172058899
3172058930
3172058961
3172058992
3172059023
3172059054
3172059085
3172059116
3172059147
3172059178
3172059209
3172059240
3172059271
3172059302
3172059333
3172059364
3172059395
3172059426
3172059457
3172059488
3172059519
3172059550
3172059581
3172059612
3172059643
3172059674
3172059705
3172059736
3172059767
3172059798
3172059829
3172059860
3172059891
3172059922
3172059953
3172059984
3172060015
3172060046
3172060077
3172060108
3172060139
3172060170
3172060201
3172060232
3172060263
3172060294
3172060325
3172060356
3172060387
3172060418
3172060449
3172060480
3172060511
3172060542
3172060573
3172060604
3172060635
3172060666
3172060697
3172060728
3172060759
3172060790
3172060821
3172060852
3172060883
3172060914
3172060945
3172060976
3172061007
3172061038
3172061069
3172061100
3172061131
3172061162
3172061193
3172061224
3172061255
3172061286
3172061317
3172061348
3172061379
3172061410
3172061441
3172061472
3172061503
3172061534
3172061565
3172061596
3172061627
3172061658
3172061689
3172061720
3172061751
3172061782
3172061813
3172061844
3172061875
3172061906
3172061937
3172061968
3172061999
3172062030
3172062061
3172062092
3172062123
3172062154
3172062185
3172062216
3172062247
3172062278
3172062309
3172062340
3172062371
3172062402
3172062433
3172062464
3172062495
3172062526
3172062557
3172062588
3172062619
3172062650
3172062681
3172062712
3172062743
3172062774
3172062805
3172062836
3172062867
3172062898
3172062929
3172062960
3172062991
3172063022
3172063053
3172063084
3172063115
3172063146
3172063177
3172063208
3172063239
3172063270
3172063301
3172063332
3172063363
3172063394
3172063425
3172063456
3172063487
3172063518
3172063549
3172063580
3172063611
3172063642
3172063673
3172063704
3172063735
3172063766
3172063797
3172063828
3172063859
3172063890
3172063921
3172063952
3172063983
3172064014
3172064045
3172064076
3172064107
3172064138
3172064169
3172064200
3172064231
3172064262
3172064293
3172064324
3172064355
3172064386
3172064417
3172064448
3172064479
3172064510
3172064541
3172064572
3172064603
3172064634
3172064665
3172064696
3172064727
3172064758
3172064789
3172064820
3172064851
3172064882
3172064913
3172064944
3172064975
3172065006
3172065037
3172065068
3172065099
3172065130
3172065161
3172065192
3172065223
3172065254
3172065285
3172065316
3172065347
3172065378
3172065409
3172065440
3172065471
3172065502
3172065533
3172065564
3172065595
3172065626
3172065657
3172065688
3172065719
3172065750
3172065781
3172065812
3172065843
3172065874
3172065905
3172065936
3172065967
3172065998
3172066029
3172066060
3172066091
3172066122
3172066153
3172066184
3172066215
3172066246
3172066277
3172066308
3172066339
3172066370
3172066401
3172066432
3172066463
3172066494
3172066525
3172066556
3172066587
3172066618
3172066649
3172066680
3172066711
3172066742
3172066773
3172066804
3172066835
3172066866
3172066897
3172066928
3172066959
3172066990
3172067021
3172067052
3172067083
3172067114
3172067145
3172067176
3172067207
3172067238
3172067269
3172067300
3172067331
3172067362
3172067393
3172067424
3172067455
3172067486
3172067517
3172067548
3172067579
3172067610
3172067641
3172067672
3172067703
3172067734
3172067765
3172067796
3172067827
3172067858
3172067889
3172067920
3172067951
3172067982
3172068013
3172068044
3172068075
3172068106
3172068137
3172068168
3172068199
3172068230
3172068261
3172068292
3172068323
3172068354
3172068385
3172068416
3172068447
3172068478
3172068509
3172068540
3172068571
3172068602
3172068633
3172068664
3172068695
3172068726
3172068757
3172068788
3172068819
3172068850
3172068881
3172068912
3172068943
3172068974
3172069005
3172069036
3172069067
3172069098
3172069129
3172069160
3172069191
3172069222
3172069253
3172069284
3172069315
3172069346
3172069377
3172069408
3172069439
3172069470
3172069501
3172069532
3172069563
3172069594
3172069625
3172069656
3172069687
3172069718
3172069749
3172069780
3172069811
3172069842
3172069873
3172069904
3172069935
3172069966
3172069997
3172070028
3172070059
3172070090
3172070121
3172070152
3172070183
3172070214
3172070245
3172070276
3172070307
3172070338
3172070369
3172070400
3172070431
3172070462
3172070493
3172070524
3172070555
3172070586
3172070617
3172070648
3172070679
3172070710
3172070741
3172070772
3172070803
3172070834
3172070865
3172070896
3172070927
3172070958
3172070989
3172071020
3172071051
3172071082
3172071113
3172071144
3172071175
3172071206
3172071237
3172071268
3172071299
3172071330
3172071361
3172071392
3172071423
3172071454
3172071485
3172071516
3172071547
3172071578
3172071609
3172071640
3172071671
3172071702
3172071733
3172071764
3172071795
3172071826
3172071857
3172071888
3172071919
3172071950
3172071981
3172072012
3172072043
3172072074
3172072105
3172072136
3172072167
3172072198
3172072229
3172072260
3172072291
3172072322
3172072353
3172072384
3172072415
3172072446
3172072477
3172072508
3172072539
3172072570
3172072601
3172072632
3172072663
3172072694
3172072725
3172072756
3172072787
3172072818
3172072849
3172072880
3172072911
3172072942
3172072973
3172073004
3172073035
3172073066
3172073097
3172073128
3172073159
3172073190
3172073221
3172073252
3172073283
3172073314
3172073345
3172073376
3172073407
3172073438
3172073469
3172073500
3172073531
3172073562
3172073593
3172073624
3172073655
3172073686
3172073717
3172073748
3172073779
3172073810
3172073841
3172073872
3172073903
3172073934
3172073965
3172073996
3172074027
3172074058
3172074089
3172074120
3172074151
3172074182
3172074213
3172074244
3172074275
3172074306
3172074337
3172074368
3172074399
3172074430
3172074461
3172074492
3172074523
3172074554
3172074585
3172074616
3172074647
3172074678
3172074709
3172074740
3172074771
3172074802
3172074833
3172074864
3172074895
3172074926
3172074957
3172074988
3172075019
3172075050
3172075081
3172075112
3172075143
3172075174
3172075205
3172075236
3172075267
3172075298
3172075329
3172075360
3172075391
3172075422
3172075453
3172075484
3172075515
3172075546
3172075577
3172075608
3172075639
3172075670
3172075701
3172075732
3172075763
3172075794
3172075825
3172075856
3172075887
3172075918
3172075949
3172075980
3172076011
3172076042
3172076073
3172076104
3172076135
3172076166
3172076197
3172076228
3172076259
3172076290
3172076321
3172076352
3172076383
3172076414
3172076445
3172076476
3172076507
3172076538
3172076569
3172076600
3172076631
3172076662
3172076693
3172076724
3172076755
3172076786
3172076817
3172076848
3172076879
3172076910
3172076941
3172076972
3172077003
3172077034
3172077065
3172077096
3172077127
3172077158
3172077189
3172077220
3172077251
3172077282
3172077313
3172077344
3172077375
3172077406
