START
2017612462
2017612493
2017612524
2017612555
2017612586
2017612617
2017612648
2017612679
2017612710
2017612741
2017612772
2017612803
2017612834
2017612865
2017612896
2017612927
2017612958
2017612989
2017613020
2017613051
2017613082
2017613113
2017613144
2017613175
2017613206
2017613237
2017613268
2017613299
2017613330
2017613361
2017613392
2017613423
2017613454
2017613485
2017613516
2017613547
2017613578
2017613609
2017613640
2017613671
2017613702
2017613733
2017613764
2017613795
2017613826
2017613857
2017613888
2017613919
2017613950
2017613981
2017614012
2017614043
2017614074
2017614105
2017614136
2017614167
2017614198
2017614229
2017614260
2017614291
2017614322
2017614353
2017614384
2017614415
2017614446
2017614477
2017614508
2017614539
2017614570
2017614601
2017614632
2017614663
2017614694
2017614725
2017614756
2017614787
2017614818
2017614849
2017614880
2017614911
2017614942
2017614973
2017615004
2017615035
2017615066
2017615097
2017615128
2017615159
2017615190
2017615221
2017615252
2017615283
2017615314
2017615345
2017615376
2017615407
2017615438
2017615469
2017615500
2017615531
2017615562
2017615593
2017615624
2017615655
2017615686
2017615717
2017615748
2017615779
2017615810
2017615841
2017615872
2017615903
2017615934
2017615965
2017615996
2017616027
2017616058
2017616089
2017616120
2017616151
2017616182
2017616213
2017616244
2017616275
2017616306
2017616337
2017616368
2017616399
2017616430
2017616461
2017616492
2017616523
2017616554
2017616585
2017616616
2017616647
2017616678
2017616709
2017616740
2017616771
2017616802
2017616833
2017616864
2017616895
2017616926
2017616957
2017616988
2017617019
2017617050
2017617081
2017617112
2017617143
2017617174
2017617205
2017617236
2017617267
2017617298
2017617329
2017617360
2017617391
2017617422
2017617453
2017617484
2017617515
2017617546
2017617577
2017617608
2017617639
2017617670
2017617701
2017617732
2017617763
2017617794
2017617825
2017617856
2017617887
2017617918
2017617949
2017617980
2017618011
2017618042
2017618073
2017618104
2017618135
2017618166
2017618197
2017618228
2017618259
2017618290
2017618321
2017618352
2017618383
2017618414
2017618445
2017618476
2017618507
2017618538
2017618569
2017618600
2017618631
2017618662
2017618693
2017618724
2017618755
2017618786
2017618817
2017618848
2017618879
2017618910
2017618941
2017618972
2017619003
2017619034
2017619065
2017619096
2017619127
2017619158
2017619189
2017619220
2017619251
2017619282
2017619313
2017619344
2017619375
2017619406
2017619437
2017619468
2017619499
2017619530
2017619561
2017619592
2017619623
2017619654
2017619685
2017619716
2017619747
2017619778
2017619809
2017619840
2017619871
2017619902
2017619933
2017619964
2017619995
2017620026
2017620057
2017620088
2017620119
2017620150
2017620181
2017620212
2017620243
2017620274
2017620305
2017620336
2017620367
2017620398
2017620429
2017620460
2017620491
2017620522
2017620553
2017620584
2017620615
2017620646
2017620677
2017620708
2017620739
2017620770
2017620801
2017620832
2017620863
2017620894
2017620925
2017620956
2017620987
2017621018
2017621049
2017621080
2017621111
2017621142
2017621173
2017621204
2017621235
2017621266
2017621297
2017621328
2017621359
2017621390
2017621421
2017621452
2017621483
2017621514
2017621545
2017621576
2017621607
2017621638
2017621669
2017621700
2017621731
2017621762
2017621793
2017621824
2017621855
2017621886
2017621917
2017621948
2017621979
2017622010
2017622041
2017622072
2017622103
2017622134
2017622165
2017622196
2017622227
2017622258
2017622289
2017622320
2017622351
2017622382
2017622413
2017622444
2017622475
2017622506
2017622537
2017622568
2017622599
2017622630
2017622661
2017622692
2017622723
2017622754
2017622785
2017622816
2017622847
2017622878
2017622909
2017622940
2017622971
2017623002
2017623033
2017623064
2017623095
2017623126
2017623157
2017623188
2017623219
2017623250
2017623281
2017623312
2017623343
2017623374
2017623405
2017623436
2017623467
2017623498
2017623529
2017623560
2017623591
2017623622
2017623653
2017623684
2017623715
2017623746
2017623777
2017623808
2017623839
2017623870
2017623901
2017623932
2017623963
2017623994
2017624025
2017624056
2017624087
2017624118
2017624149
2017624180
2017624211
2017624242
2017624273
2017624304
2017624335
2017624366
2017624397
2017624428
2017624459
2017624490
2017624521
2017624552
2017624583
2017624614
2017624645
2017624676
2017624707
2017624738
2017624769
2017624800
2017624831
2017624862
2017624893
2017624924
2017624955
2017624986
2017625017
2017625048
2017625079
2017625110
2017625141
2017625172
2017625203
2017625234
2017625265
2017625296
2017625327
2017625358
2017625389
2017625420
2017625451
2017625482
2017625513
2017625544
2017625575
2017625606
2017625637
2017625668
2017625699
2017625730
2017625761
2017625792
2017625823
2017625854
2017625885
2017625916
2017625947
2017625978
2017626009
2017626040
2017626071
2017626102
2017626133
2017626164
2017626195
2017626226
2017626257
2017626288
2017626319
2017626350
2017626381
2017626412
2017626443
2017626474
2017626505
2017626536
2017626567
2017626598
2017626629
2017626660
2017626691
2017626722
2017626753
2017626784
2017626815
2017626846
2017626877
2017626908
2017626939
2017626970
2017627001
2017627032
2017627063
2017627094
2017627125
2017627156
2017627187
2017627218
2017627249
2017627280
2017627311
2017627342
2017627373
2017627404
2017627435
2017627466
2017627497
2017627528
2017627559
2017627590
2017627621
2017627652
2017627683
2017627714
2017627745
2017627776
2017627807
2017627838
2017627869
2017627900
2017627931
2017627962
2017627993
2017628024
2017628055
2017628086
2017628117
2017628148
2017628179
2017628210
2017628241
2017628272
2017628303
2017628334
2017628365
2017628396
2017628427
2017628458
2017628489
2017628520
2017628551
2017628582
2017628613
2017628644
2017628675
2017628706
2017628737
2017628768
2017628799
2017628830
2017628861
2017628892
2017628923
2017628954
2017628985
2017629016
2017629047
2017629078
2017629109
2017629140
2017629171
2017629202
2017629233
2017629264
2017629295
2017629326
2017629357
2017629388
2017629419
2017629450
2017629481
2017629512
2017629543
2017629574
2017629605
2017629636
2017629667
2017629698
2017629729
2017629760
2017629791
2017629822
2017629853
2017629884
2017629915
2017629946
2017629977
2017630008
2017630039
2017630070
2017630101
2017630132
2017630163
2017630194
2017630225
2017630256
2017630287
2017630318
2017630349
2017630380
2017630411
2017630442
2017630473
2017630504
2017630535
2017630566
2017630597
2017630628
2017630659
2017630690
2017630721
2017630752
2017630783
2017630814
2017630845
2017630876
2017630907
2017630938
2017630969
2017631000
2017631031
2017631062
2017631093
2017631124
2017631155
2017631186
2017631217
2017631248
2017631279
2017631310
2017631341
2017631372
2017631403
2017631434
2017631465
2017631496
2017631527
2017631558
2017631589
2017631620
2017631651
2017631682
2017631713
2017631744
2017631775
2017631806
2017631837
2017631868
2017631899
2017631930
2017631961
2017631992
2017632023
2017632054
2017632085
2017632116
2017632147
2017632178
2017632209
2017632240
2017632271
2017632302
2017632333
2017632364
2017632395
2017632426
2017632457
2017780544
2017780575
2017780606
2017780637
2017780668
2017780699
2017780730
2017780761
2017780792
2017780823
2017780854
2017780885
2017780916
2017780947
2017780978
2017781009
2017781040
2017781071
2017781102
2017781133
2017781164
2017781195
2017781226
2017781257
2017781288
2017781319
2017781350
2017781381
2017781412
2017781443
2017781474
2017781505
2017781536
2017781567
2017781598
2017781629
2017781660
2017781691
2017781722
2017781753
2017781784
2017781815
2017781846
2017781877
2017781908
2017781939
2017781970
2017782001
2017782032
2017782063
2017782094
2017782125
2017782156
2017782187
2017782218
2017782249
2017782280
2017782311
2017782342
2017782373
2017782404
2017782435
2017782466
2017782497
2017782528
2017782559
2017782590
2017782621
2017782652
2017782683
2017782714
2017782745
2017782776
2017782807
2017782838
2017782869
2017782900
2017782931
2017782962
2017782993
2017783024
2017783055
2017783086
2017783117
2017783148
2017783179
2017783210
2017783241
2017783272
2017783303
2017783334
2017783365
2017783396
2017783427
2017783458
2017783489
2017783520
2017783551
2017783582
2017783613
2017783644
2017783675
2017783706
2017783737
2017783768
2017783799
2017783830
2017783861
2017783892
2017783923
2017783954
2017783985
2017784016
2017784047
2017784078
2017784109
2017784140
2017784171
2017784202
2017784233
2017784264
2017784295
2017784326
2017784357
2017784388
2017784419
2017784450
2017784481
2017784512
2017784543
2017784574
2017784605
2017784636
2017784667
2017784698
2017784729
2017784760
2017784791
2017784822
2017784853
2017784884
2017784915
2017784946
2017784977
2017785008
2017785039
2017785070
2017785101
2017785132
2017785163
2017785194
2017785225
2017785256
2017785287
2017785318
2017785349
2017785380
2017785411
2017785442
2017785473
2017785504
2017785535
2017785566
2017785597
2017785628
2017785659
2017785690
2017785721
2017785752
2017785783
2017785814
2017785845
2017785876
2017785907
2017785938
2017785969
2017786000
2017786031
2017786062
2017786093
2017786124
2017786155
2017786186
2017786217
2017786248
2017786279
2017786310
2017786341
2017786372
2017786403
2017786434
2017786465
2017786496
2017786527
2017786558
2017786589
2017786620
2017786651
2017786682
2017786713
2017786744
2017786775
2017786806
2017786837
2017786868
2017786899
2017786930
2017786961
2017786992
2017787023
2017787054
2017787085
2017787116
2017787147
2017787178
2017787209
2017787240
2017787271
2017787302
2017787333
2017787364
2017787395
2017787426
2017787457
2017787488
2017787519
2017787550
2017787581
2017787612
2017787643
2017787674
2017787705
2017787736
2017787767
2017787798
2017787829
2017787860
2017787891
2017787922
2017787953
2017787984
2017788015
2017788046
2017788077
2017788108
2017788139
2017788170
2017788201
2017788232
2017788263
2017788294
2017788325
2017788356
2017788387
2017788418
2017788449
2017788480
2017788511
2017788542
2017788573
2017788604
2017788635
2017788666
2017788697
2017788728
2017788759
2017788790
2017788821
2017788852
2017788883
2017788914
2017788945
2017788976
2017789007
2017789038
2017789069
2017789100
2017789131
2017789162
2017789193
2017789224
2017789255
2017789286
2017789317
2017789348
2017789379
2017789410
2017789441
2017789472
2017789503
2017789534
2017789565
2017789596
2017789627
2017789658
2017789689
2017789720
2017789751
2017789782
2017789813
2017789844
2017789875
2017789906
2017789937
2017789968
2017789999
2017790030
2017790061
2017790092
2017790123
2017790154
2017790185
2017790216
2017790247
2017790278
2017790309
2017790340
2017790371
2017790402
2017790433
2017790464
2017790495
2017790526
2017790557
2017790588
2017790619
2017790650
2017790681
2017790712
2017790743
2017790774
2017790805
2017790836
2017790867
2017790898
2017790929
2017790960
2017790991
2017791022
2017791053
2017791084
2017791115
2017791146
2017791177
2017791208
2017791239
2017791270
2017791301
2017791332
2017791363
2017791394
2017791425
2017791456
2017791487
2017791518
2017791549
2017791580
2017791611
2017791642
2017791673
2017791704
2017791735
2017791766
2017791797
2017791828
2017791859
2017791890
2017791921
2017791952
2017791983
2017792014
2017792045
2017792076
2017792107
2017792138
2017792169
2017792200
2017792231
2017792262
2017792293
2017792324
2017792355
2017792386
2017792417
2017792448
2017792479
2017792510
2017792541
2017792572
2017792603
2017792634
2017792665
2017792696
2017792727
2017792758
2017792789
2017792820
2017792851
2017792882
2017792913
2017792944
2017792975
2017793006
2017793037
2017793068
2017793099
2017793130
2017793161
2017793192
2017793223
2017793254
2017793285
2017793316
2017793347
2017793378
2017793409
2017793440
2017793471
2017793502
2017793533
2017793564
2017793595
2017793626
2017793657
2017793688
2017793719
2017793750
2017793781
2017793812
2017793843
2017793874
2017793905
2017793936
2017793967
2017793998
2017794029
2017794060
2017794091
2017794122
2017794153
2017794184
2017794215
2017794246
2017794277
2017794308
2017794339
2017794370
2017794401
2017794432
2017794463
2017794494
2017794525
2017794556
2017794587
2017794618
2017794649
2017794680
2017794711
2017794742
2017794773
2017794804
2017794835
2017794866
2017794897
2017794928
2017794959
2017794990
2017795021
2017795052
2017795083
2017795114
2017795145
2017795176
2017795207
2017795238
2017795269
2017795300
2017795331
2017795362
2017795393
2017795424
2017795455
2017795486
2017795517
2017795548
2017795579
2017795610
2017795641
2017795672
2017795703
2017795734
2017795765
2017795796
2017795827
2017795858
2017795889
2017795920
2017795951
2017795982
2017796013
2017796044
2017796075
2017796106
2017796137
2017796168
2017796199
2017796230
2017796261
2017796292
2017796323
2017796354
2017796385
2017796416
2017796447
2017796478
2017796509
2017796540
2017796571
2017796602
2017796633
2017796664
2017796695
2017796726
2017796757
2017796788
2017796819
2017796850
2017796881
2017796912
2017796943
2017796974
2017797005
2017797036
2017797067
2017797098
2017797129
2017797160
2017797191
2017797222
2017797253
2017797284
2017797315
2017797346
2017797377
2017797408
2017797439
2017797470
2017797501
2017797532
2017797563
2017797594
2017797625
2017797656
2017797687
2017797718
2017797749
2017797780
2017797811
2017797842
2017797873
2017797904
2017797935
2017797966
2017797997
2017798028
2017798059
2017798090
2017798121
2017798152
2017798183
2017798214
2017798245
2017798276
2017798307
2017798338
2017798369
2017798400
2017798431
2017798462
2017798493
2017798524
2017798555
2017798586
2017798617
2017798648
2017798679
2017798710
2017798741
2017798772
2017798803
2017798834
2017798865
2017798896
2017798927
2017798958
2017798989
2017799020
2017799051
2017799082
2017799113
2017799144
2017799175
2017799206
2017799237
2017799268
2017799299
2017799330
2017799361
2017799392
2017799423
2017799454
2017799485
2017799516
2017799547
2017799578
2017799609
2017799640
2017799671
2017799702
2017799733
2017799764
2017799795
2017799826
2017799857
2017799888
2017799919
2017799950
2017799981
2017800012
2017800043
2017800074
2017942085
2017942116
2017942147
2017942178
2017942209
2017942240
2017942271
2017942302
2017942333
2017942364
2017942395
2017942426
2017942457
2017942488
2017942519
2017942550
2017942581
2017942612
2017942643
2017942674
2017942705
2017942736
2017942767
2017942798
2017942829
2017942860
2017942891
2017942922
2017942953
2017942984
2017943015
2017943046
2017943077
2017943108
2017943139
2017943170
2017943201
2017943232
2017943263
2017943294
2017943325
2017943356
2017943387
2017943418
2017943449
2017943480
2017943511
2017943542
2017943573
2017943604
2017943635
2017943666
2017943697
2017943728
2017943759
2017943790
2017943821
2017943852
2017943883
2017943914
2017943945
2017943976
2017944007
2017944038
2017944069
2017944100
2017944131
2017944162
2017944193
2017944224
2017944255
2017944286
2017944317
2017944348
2017944379
2017944410
2017944441
2017944472
2017944503
2017944534
2017944565
2017944596
2017944627
2017944658
2017944689
2017944720
2017944751
2017944782
2017944813
2017944844
2017944875
2017944906
2017944937
2017944968
2017944999
2017945030
2017945061
2017945092
2017945123
2017945154
2017945185
2017945216
2017945247
2017945278
2017945309
2017945340
2017945371
2017945402
2017945433
2017945464
2017945495
2017945526
2017945557
2017945588
2017945619
2017945650
2017945681
2017945712
2017945743
2017945774
2017945805
2017945836
2017945867
2017945898
2017945929
2017945960
2017945991
2017946022
2017946053
2017946084
2017946115
2017946146
2017946177
2017946208
2017946239
2017946270
2017946301
2017946332
2017946363
2017946394
2017946425
2017946456
2017946487
2017946518
2017946549
2017946580
2017946611
2017946642
2017946673
2017946704
2017946735
2017946766
2017946797
2017946828
2017946859
2017946890
2017946921
2017946952
2017946983
2017947014
2017947045
2017947076
2017947107
2017947138
2017947169
2017947200
2017947231
2017947262
2017947293
2017947324
2017947355
2017947386
2017947417
2017947448
2017947479
2017947510
2017947541
2017947572
2017947603
2017947634
2017947665
2017947696
2017947727
2017947758
2017947789
2017947820
2017947851
2017947882
2017947913
2017947944
2017947975
2017948006
2017948037
2017948068
2017948099
2017948130
2017948161
2017948192
2017948223
2017948254
2017948285
2017948316
2017948347
2017948378
2017948409
2017948440
2017948471
2017948502
2017948533
2017948564
2017948595
2017948626
2017948657
2017948688
2017948719
2017948750
2017948781
2017948812
2017948843
2017948874
2017948905
2017948936
2017948967
2017948998
2017949029
2017949060
2017949091
2017949122
2017949153
2017949184
2017949215
2017949246
2017949277
2017949308
2017949339
2017949370
2017949401
2017949432
2017949463
2017949494
2017949525
2017949556
2017949587
2017949618
2017949649
2017949680
2017949711
2017949742
2017949773
2017949804
2017949835
2017949866
2017949897
2017949928
2017949959
2017949990
2017950021
2017950052
2017950083
2017950114
2017950145
2017950176
2017950207
2017950238
2017950269
2017950300
2017950331
2017950362
2017950393
2017950424
2017950455
2017950486
2017950517
2017950548
2017950579
2017950610
2017950641
2017950672
2017950703
2017950734
2017950765
2017950796
2017950827
2017950858
2017950889
2017950920
2017950951
2017950982
2017951013
2017951044
2017951075
2017951106
2017951137
2017951168
2017951199
2017951230
2017951261
2017951292
2017951323
2017951354
2017951385
2017951416
2017951447
2017951478
2017951509
2017951540
2017951571
2017951602
2017951633
2017951664
2017951695
2017951726
2017951757
2017951788
2017951819
2017951850
2017951881
2017951912
2017951943
2017951974
2017952005
2017952036
2017952067
2017952098
2017952129
2017952160
2017952191
2017952222
2017952253
2017952284
2017952315
2017952346
2017952377
2017952408
2017952439
2017952470
2017952501
2017952532
2017952563
2017952594
2017952625
2017952656
2017952687
2017952718
2017952749
2017952780
2017952811
2017952842
2017952873
2017952904
2017952935
2017952966
2017952997
2017953028
2017953059
2017953090
2017953121
2017953152
2017953183
2017953214
2017953245
2017953276
2017953307
2017953338
2017953369
2017953400
2017953431
2017953462
2017953493
2017953524
2017953555
2017953586
2017953617
2017953648
2017953679
2017953710
2017953741
2017953772
2017953803
2017953834
2017953865
2017953896
2017953927
2017953958
2017953989
2017954020
2017954051
2017954082
2017954113
2017954144
2017954175
2017954206
2017954237
2017954268
2017954299
2017954330
2017954361
2017954392
2017954423
2017954454
2017954485
2017954516
2017954547
2017954578
2017954609
2017954640
2017954671
2017954702
2017954733
2017954764
2017954795
2017954826
2017954857
2017954888
2017954919
2017954950
2017954981
2017955012
2017955043
2017955074
2017955105
2017955136
2017955167
2017955198
2017955229
2017955260
2017955291
2017955322
2017955353
2017955384
2017955415
2017955446
2017955477
2017955508
2017955539
2017955570
2017955601
2017955632
2017955663
2017955694
2017955725
2017955756
2017955787
2017955818
2017955849
2017955880
2017955911
2017955942
2017955973
2017956004
2017956035
2017956066
2017956097
2017956128
2017956159
2017956190
2017956221
2017956252
2017956283
2017956314
2017956345
2017956376
2017956407
2017956438
2017956469
2017956500
2017956531
2017956562
2017956593
2017956624
2017956655
2017956686
2017956717
2017956748
2017956779
2017956810
2017956841
2017956872
2017956903
2017956934
2017956965
2017956996
2017957027
2017957058
2017957089
2017957120
2017957151
2017957182
2017957213
2017957244
2017957275
2017957306
2017957337
2017957368
2017957399
2017957430
2017957461
2017957492
2017957523
2017957554
2017957585
2017957616
2017957647
2017957678
2017957709
2017957740
2017957771
2017957802
2017957833
2017957864
2017957895
2017957926
2017957957
2017957988
2017958019
2017958050
2017958081
2017958112
2017958143
2017958174
2017958205
2017958236
2017958267
2017958298
2017958329
2017958360
2017958391
2017958422
2017958453
2017958484
2017958515
2017958546
2017958577
2017958608
2017958639
2017958670
2017958701
2017958732
2017958763
2017958794
2017958825
2017958856
2017958887
2017958918
2017958949
2017958980
2017959011
2017959042
2017959073
2017959104
2017959135
2017959166
2017959197
2017959228
2017959259
2017959290
2017959321
2017959352
2017959383
2017959414
2017959445
2017959476
2017959507
2017959538
2017959569
2017959600
2017959631
2017959662
2017959693
2017959724
2017959755
2017959786
2017959817
2017959848
2017959879
2017959910
2017959941
2017959972
2017960003
2017960034
2017960065
2017960096
2017960127
2017960158
2017960189
2017960220
2017960251
2017960282
2017960313
2017960344
2017960375
2017960406
2017960437
2017960468
2017960499
2017960530
2017960561
2017960592
2017960623
2017960654
2017960685
2017960716
2017960747
2017960778
2017960809
2017960840
2017960871
2017960902
2017960933
2017960964
2017960995
2017961026
2017961057
2017961088
2017961119
2017961150
2017961181
2017961212
2017961243
2017961274
2017961305
2017961336
2017961367
2017961398
2017961429
2017961460
2017961491
2017961522
2017961553
2017961584
2017961615
2017961646
2017961677
2017961708
2017961739
2017961770
2017961801
2017961832
2017961863
2017961894
2017961925
2017961956
2017961987
2017962018
2017962049
2017962080
2017962111
2017962142
2017962173
2017962204
2017962235
2017962266
2017962297
2017962328
2017962359
2017962390
2017962421
2017962452
2017962483
2017962514
2017962545
2017962576
2017962607
2017962638
2017962669
2017962700
2017962731
2017962762
2017962793
2017962824
2017962855
2017962886
2017962917
2017962948
2017962979
2017963010
2017963041
2017963072
2017963103
2017963134
2017963165
2017963196
2017963227
2017963258
2017963289
2017963320
2017963351
2017963382
2017963413
2017963444
2017963475
2017963506
2017963537
2017963568
2017963599
2017963630
2017963661
2017963692
2017963723
2017963754
2017963785
2017963816
2017963847
2017963878
2017963909
2017963940
2017963971
2017964002
2017964033
2017964064
2017964095
2017964126
2017964157
2017964188
2017964219
2017964250
2017964281
2017964312
2017964343
2017964374
2017964405
2017964436
2017964467
2017964498
2017964529
2017964560
2017964591
2017964622
2017964653
2017964684
2017964715
2017964746
2017964777
2017964808
2017964839
2017964870
2017964901
2017964932
2017964963
2017964994
2017965025
2017965056
2017965087
2017965118
2017965149
2017965180
2017965211
2017965242
2017965273
2017965304
2017965335
2017965366
2018118940
2018118971
2018119002
2018119033
2018119064
2018119095
2018119126
2018119157
2018119188
2018119219
2018119250
2018119281
2018119312
2018119343
2018119374
2018119405
2018119436
2018119467
2018119498
2018119529
2018119560
2018119591
2018119622
2018119653
2018119684
2018119715
2018119746
2018119777
2018119808
2018119839
2018119870
2018119901
2018119932
2018119963
2018119994
2018120025
2018120056
2018120087
2018120118
2018120149
2018120180
2018120211
2018120242
2018120273
2018120304
2018120335
2018120366
2018120397
2018120428
2018120459
2018120490
2018120521
2018120552
2018120583
2018120614
2018120645
2018120676
2018120707
2018120738
2018120769
2018120800
2018120831
2018120862
2018120893
2018120924
2018120955
2018120986
2018121017
2018121048
2018121079
2018121110
2018121141
2018121172
2018121203
2018121234
2018121265
2018121296
2018121327
2018121358
2018121389
2018121420
2018121451
2018121482
2018121513
2018121544
2018121575
2018121606
2018121637
2018121668
2018121699
2018121730
2018121761
2018121792
2018121823
2018121854
2018121885
2018121916
2018121947
2018121978
2018122009
2018122040
2018122071
2018122102
2018122133
2018122164
2018122195
2018122226
2018122257
2018122288
2018122319
2018122350
2018122381
2018122412
2018122443
2018122474
2018122505
2018122536
2018122567
2018122598
2018122629
2018122660
2018122691
2018122722
2018122753
2018122784
2018122815
2018122846
2018122877
2018122908
2018122939
2018122970
2018123001
2018123032
2018123063
2018123094
2018123125
2018123156
2018123187
2018123218
2018123249
2018123280
2018123311
2018123342
2018123373
2018123404
2018123435
2018123466
2018123497
2018123528
2018123559
2018123590
2018123621
2018123652
2018123683
2018123714
2018123745
2018123776
2018123807
2018123838
2018123869
2018123900
2018123931
2018123962
2018123993
2018124024
2018124055
2018124086
2018124117
2018124148
2018124179
2018124210
2018124241
2018124272
2018124303
2018124334
2018124365
2018124396
2018124427
2018124458
2018124489
2018124520
2018124551
2018124582
2018124613
2018124644
2018124675
2018124706
2018124737
2018124768
2018124799
2018124830
2018124861
2018124892
2018124923
2018124954
2018124985
2018125016
2018125047
2018125078
2018125109
2018125140
2018125171
2018125202
2018125233
2018125264
2018125295
2018125326
2018125357
2018125388
2018125419
2018125450
2018125481
2018125512
2018125543
2018125574
2018125605
2018125636
2018125667
2018125698
2018125729
2018125760
2018125791
2018125822
2018125853
2018125884
2018125915
2018125946
2018125977
2018126008
2018126039
2018126070
2018126101
2018126132
2018126163
2018126194
2018126225
2018126256
2018126287
2018126318
2018126349
2018126380
2018126411
2018126442
2018126473
2018126504
2018126535
2018126566
2018126597
2018126628
2018126659
2018126690
2018126721
2018126752
2018126783
2018126814
2018126845
2018126876
2018126907
2018126938
2018126969
2018127000
2018127031
2018127062
2018127093
2018127124
2018127155
2018127186
2018127217
2018127248
2018127279
2018127310
2018127341
2018127372
2018127403
2018127434
2018127465
2018127496
2018127527
2018127558
2018127589
2018127620
2018127651
2018127682
2018127713
2018127744
2018127775
2018127806
2018127837
2018127868
2018127899
2018127930
2018127961
2018127992
2018128023
2018128054
2018128085
2018128116
2018128147
2018128178
2018128209
2018128240
2018128271
2018128302
2018128333
2018128364
2018128395
2018128426
2018128457
2018128488
2018128519
2018128550
2018128581
2018128612
2018128643
2018128674
2018128705
2018128736
2018128767
2018128798
2018128829
2018128860
2018128891
2018128922
2018128953
2018128984
2018129015
2018129046
2018129077
2018129108
2018129139
2018129170
2018129201
2018129232
2018129263
2018129294
2018129325
2018129356
2018129387
2018129418
2018129449
2018129480
2018129511
2018129542
2018129573
2018129604
2018129635
2018129666
2018129697
2018129728
2018129759
2018129790
2018129821
2018129852
2018129883
2018129914
2018129945
2018129976
2018130007
2018130038
2018130069
2018130100
2018130131
2018130162
2018130193
2018130224
2018130255
2018130286
2018130317
2018130348
2018130379
2018130410
2018130441
2018130472
2018130503
2018130534
2018130565
2018130596
2018130627
2018130658
2018130689
2018130720
2018130751
2018130782
2018130813
2018130844
2018130875
2018130906
2018130937
2018130968
2018130999
2018131030
2018131061
2018131092
2018131123
2018131154
2018131185
2018131216
2018131247
2018131278
2018131309
2018131340
2018131371
2018131402
2018131433
2018131464
2018131495
2018131526
2018131557
2018131588
2018131619
2018131650
2018131681
2018131712
2018131743
2018131774
2018131805
2018131836
2018131867
2018131898
2018131929
2018131960
2018131991
2018132022
2018132053
2018132084
2018132115
2018132146
2018132177
2018132208
2018132239
2018132270
2018132301
2018132332
2018132363
2018132394
2018132425
2018132456
2018132487
2018132518
2018132549
2018132580
2018132611
2018132642
2018132673
2018132704
2018132735
2018132766
2018132797
2018132828
2018132859
2018132890
2018132921
2018132952
2018132983
2018133014
2018133045
2018133076
2018133107
2018133138
2018133169
2018133200
2018133231
2018133262
2018133293
2018133324
2018133355
2018133386
2018133417
2018133448
2018133479
2018133510
2018133541
2018133572
2018133603
2018133634
2018133665
2018133696
2018133727
2018133758
2018133789
2018133820
2018133851
2018133882
2018133913
2018133944
2018133975
2018134006
2018134037
2018134068
2018134099
2018134130
2018134161
2018134192
2018134223
2018134254
2018134285
2018134316
2018134347
2018134378
2018134409
2018134440
2018134471
2018134502
2018134533
2018134564
2018134595
2018134626
2018134657
2018134688
2018134719
2018134750
2018134781
2018134812
2018134843
2018134874
2018134905
2018134936
2018134967
2018134998
2018135029
2018135060
2018135091
2018135122
2018135153
2018135184
2018135215
2018135246
2018135277
2018135308
2018135339
2018135370
2018135401
2018135432
2018135463
2018135494
2018135525
2018135556
2018135587
2018135618
2018135649
2018135680
2018135711
2018135742
2018135773
2018135804
2018135835
2018135866
2018135897
2018135928
2018135959
2018135990
2018136021
2018136052
2018136083
2018136114
2018136145
2018136176
2018136207
2018136238
2018136269
2018136300
2018136331
2018136362
2018136393
2018136424
2018136455
2018136486
2018136517
2018136548
2018136579
2018136610
2018136641
2018136672
2018136703
2018136734
2018136765
2018136796
2018136827
2018136858
2018136889
2018136920
2018136951
2018136982
2018137013
2018137044
2018137075
2018137106
2018137137
2018137168
2018137199
2018137230
2018137261
2018137292
2018137323
2018137354
2018137385
2018137416
2018137447
2018137478
2018137509
2018137540
2018137571
2018137602
2018137633
2018137664
2018137695
2018137726
2018137757
2018137788
2018137819
2018137850
2018137881
2018137912
2018137943
2018137974
2018138005
2018138036
2018138067
2018138098
2018138129
2018138160
2018138191
2018138222
2018138253
2018138284
2018138315
2018138346
2018138377
2018138408
2018138439
2018138470
2018138501
2018138532
2018138563
2018138594
2018138625
2018138656
2018138687
2018138718
2018138749
2018138780
2018138811
2018138842
2018138873
2018138904
2018138935
2018138966
2018138997
2018139028
2018139059
2018139090
2018287518
2018287549
2018287580
2018287611
2018287642
2018287673
2018287704
2018287735
2018287766
2018287797
2018287828
2018287859
2018287890
2018287921
2018287952
2018287983
2018288014
2018288045
2018288076
2018288107
2018288138
2018288169
2018288200
2018288231
2018288262
2018288293
2018288324
2018288355
2018288386
2018288417
2018288448
2018288479
2018288510
2018288541
2018288572
2018288603
2018288634
2018288665
2018288696
2018288727
2018288758
2018288789
2018288820
2018288851
2018288882
2018288913
2018288944
2018288975
2018289006
2018289037
2018289068
2018289099
2018289130
2018289161
2018289192
2018289223
2018289254
2018289285
2018289316
2018289347
2018289378
2018289409
2018289440
2018289471
2018289502
2018289533
2018289564
2018289595
2018289626
2018289657
2018289688
2018289719
2018289750
2018289781
2018289812
2018289843
2018289874
2018289905
2018289936
2018289967
2018289998
2018290029
2018290060
2018290091
2018290122
2018290153
2018290184
2018290215
2018290246
2018290277
2018290308
2018290339
2018290370
2018290401
2018290432
2018290463
2018290494
2018290525
2018290556
2018290587
2018290618
2018290649
2018290680
2018290711
2018290742
2018290773
2018290804
2018290835
2018290866
2018290897
2018290928
2018290959
2018290990
2018291021
2018291052
2018291083
2018291114
2018291145
2018291176
2018291207
2018291238
2018291269
2018291300
2018291331
2018291362
2018291393
2018291424
2018291455
2018291486
2018291517
2018291548
2018291579
2018291610
2018291641
2018291672
2018291703
2018291734
2018291765
2018291796
2018291827
2018291858
2018291889
2018291920
2018291951
2018291982
2018292013
2018292044
2018292075
2018292106
2018292137
2018292168
2018292199
2018292230
2018292261
2018292292
2018292323
2018292354
2018292385
2018292416
2018292447
2018292478
2018292509
2018292540
2018292571
2018292602
2018292633
2018292664
2018292695
2018292726
2018292757
2018292788
2018292819
2018292850
2018292881
2018292912
2018292943
2018292974
2018293005
2018293036
2018293067
2018293098
2018293129
2018293160
2018293191
2018293222
2018293253
2018293284
2018293315
2018293346
2018293377
2018293408
2018293439
2018293470
2018293501
2018293532
2018293563
2018293594
2018293625
2018293656
2018293687
2018293718
2018293749
2018293780
2018293811
2018293842
2018293873
2018293904
2018293935
2018293966
2018293997
2018294028
2018294059
2018294090
2018294121
2018294152
2018294183
2018294214
2018294245
2018294276
2018294307
2018294338
2018294369
2018294400
2018294431
2018294462
2018294493
2018294524
2018294555
2018294586
2018294617
2018294648
2018294679
2018294710
2018294741
2018294772
2018294803
2018294834
2018294865
2018294896
2018294927
2018294958
2018294989
2018295020
2018295051
2018295082
2018295113
2018295144
2018295175
2018295206
2018295237
2018295268
2018295299
2018295330
2018295361
2018295392
2018295423
2018295454
2018295485
2018295516
2018295547
2018295578
2018295609
2018295640
2018295671
2018295702
2018295733
2018295764
2018295795
2018295826
2018295857
2018295888
2018295919
2018295950
2018295981
2018296012
2018296043
2018296074
2018296105
2018296136
2018296167
2018296198
2018296229
2018296260
2018296291
2018296322
2018296353
2018296384
2018296415
2018296446
2018296477
2018296508
2018296539
2018296570
2018296601
2018296632
2018296663
2018296694
2018296725
2018296756
2018296787
2018296818
2018296849
2018296880
2018296911
2018296942
2018296973
2018297004
2018297035
2018297066
2018297097
2018297128
2018297159
2018297190
2018297221
2018297252
2018297283
2018297314
2018297345
2018297376
2018297407
2018297438
2018297469
2018297500
2018297531
2018297562
2018297593
2018297624
2018297655
2018297686
2018297717
2018297748
2018297779
2018297810
2018297841
2018297872
2018297903
2018297934
2018297965
2018297996
2018298027
2018298058
2018298089
2018298120
2018298151
2018298182
2018298213
2018298244
2018298275
2018298306
2018298337
2018298368
2018298399
2018298430
2018298461
2018298492
2018298523
2018298554
2018298585
2018298616
2018298647
2018298678
2018298709
2018298740
2018298771
2018298802
2018298833
2018298864
2018298895
2018298926
2018298957
2018298988
2018299019
2018299050
2018299081
2018299112
2018299143
2018299174
2018299205
2018299236
2018299267
2018299298
2018299329
2018299360
2018299391
2018299422
2018299453
2018299484
2018299515
2018299546
2018299577
2018299608
2018299639
2018299670
2018299701
2018299732
2018299763
2018299794
2018299825
2018299856
2018299887
2018299918
2018299949
2018299980
2018300011
2018300042
2018300073
2018300104
2018300135
2018300166
2018300197
2018300228
2018300259
2018300290
2018300321
2018300352
2018300383
2018300414
2018300445
2018300476
2018300507
2018300538
2018300569
2018300600
2018300631
2018300662
2018300693
2018300724
2018300755
2018300786
2018300817
2018300848
2018300879
2018300910
2018300941
2018300972
2018301003
2018301034
2018301065
2018301096
2018301127
2018301158
2018301189
2018301220
2018301251
2018301282
2018301313
2018301344
2018301375
2018301406
2018301437
2018301468
2018301499
2018301530
2018301561
2018301592
2018301623
2018301654
2018301685
2018301716
2018301747
2018301778
2018301809
2018301840
2018301871
2018301902
2018301933
2018301964
2018301995
2018302026
2018302057
2018302088
2018302119
2018302150
2018302181
2018302212
2018302243
2018302274
2018302305
2018302336
2018302367
2018302398
2018302429
2018302460
2018302491
2018302522
2018302553
2018302584
2018302615
2018302646
2018302677
2018302708
2018302739
2018302770
2018302801
2018302832
2018302863
2018302894
2018302925
2018302956
2018302987
2018303018
2018303049
2018303080
2018303111
2018303142
2018303173
2018303204
2018303235
2018303266
2018303297
2018303328
2018303359
2018303390
2018303421
2018303452
2018303483
2018303514
2018303545
2018303576
2018303607
2018303638
2018303669
2018303700
2018303731
2018303762
2018303793
2018303824
2018303855
2018303886
2018303917
2018303948
2018303979
2018304010
2018304041
2018304072
2018304103
2018304134
2018304165
2018304196
2018304227
2018304258
2018304289
2018304320
2018304351
2018304382
2018304413
2018304444
2018304475
2018304506
2018304537
2018304568
2018304599
2018304630
2018304661
2018304692
2018304723
2018304754
2018304785
2018304816
2018304847
2018304878
2018304909
2018304940
2018304971
2018305002
2018305033
2018305064
2018305095
2018305126
2018305157
2018305188
2018305219
2018305250
2018305281
2018305312
2018305343
2018305374
2018305405
2018305436
2018305467
2018305498
2018305529
2018305560
2018305591
2018305622
2018305653
2018305684
2018305715
2018305746
2018305777
2018305808
2018305839
2018305870
2018305901
2018305932
2018305963
2018305994
2018306025
2018306056
2018306087
2018306118
2018306149
2018306180
2018306211
2018306242
2018306273
2018306304
2018306335
2018306366
2018306397
2018306428
2018306459
2018306490
2018306521
2018306552
2018306583
2018306614
2018306645
2018306676
2018306707
2018306738
2018306769
2018306800
2018306831
2018306862
2018306893
2018306924
2018306955
2018306986
2018307017
2018307048
2018307079
2018307110
2018307141
2018307172
2018307203
2018307234
2018307265
2018307296
2018307327
2018307358
2018307389
2018307420
2018307451
2018307482
2018307513
2018307544
2018307575
2018307606
2018307637
2018307668
2018307699
2018307730
2018307761
2018307792
2018307823
2018307854
2018307885
2018460591
2018460622
2018460653
2018460684
2018460715
2018460746
2018460777
2018460808
2018460839
2018460870
2018460901
2018460932
2018460963
2018460994
2018461025
2018461056
2018461087
2018461118
2018461149
2018461180
2018461211
2018461242
2018461273
2018461304
2018461335
2018461366
2018461397
2018461428
2018461459
2018461490
2018461521
2018461552
2018461583
2018461614
2018461645
2018461676
2018461707
2018461738
2018461769
2018461800
2018461831
2018461862
2018461893
2018461924
2018461955
2018461986
2018462017
2018462048
2018462079
2018462110
2018462141
2018462172
2018462203
2018462234
2018462265
2018462296
2018462327
2018462358
2018462389
2018462420
2018462451
2018462482
2018462513
2018462544
2018462575
2018462606
2018462637
2018462668
2018462699
2018462730
2018462761
2018462792
2018462823
2018462854
2018462885
2018462916
2018462947
2018462978
2018463009
2018463040
2018463071
2018463102
2018463133
2018463164
2018463195
2018463226
2018463257
2018463288
2018463319
2018463350
2018463381
2018463412
2018463443
2018463474
2018463505
2018463536
2018463567
2018463598
2018463629
2018463660
2018463691
2018463722
2018463753
2018463784
2018463815
2018463846
2018463877
2018463908
2018463939
2018463970
2018464001
2018464032
2018464063
2018464094
2018464125
2018464156
2018464187
2018464218
2018464249
2018464280
2018464311
2018464342
2018464373
2018464404
2018464435
2018464466
2018464497
2018464528
2018464559
2018464590
2018464621
2018464652
2018464683
2018464714
2018464745
2018464776
2018464807
2018464838
2018464869
2018464900
2018464931
2018464962
2018464993
2018465024
2018465055
2018465086
2018465117
2018465148
2018465179
2018465210
2018465241
2018465272
2018465303
2018465334
2018465365
2018465396
2018465427
2018465458
2018465489
2018465520
2018465551
2018465582
2018465613
2018465644
2018465675
2018465706
2018465737
2018465768
2018465799
2018465830
2018465861
2018465892
2018465923
2018465954
2018465985
2018466016
2018466047
2018466078
2018466109
2018466140
2018466171
2018466202
2018466233
2018466264
2018466295
2018466326
2018466357
2018466388
2018466419
2018466450
2018466481
2018466512
2018466543
2018466574
2018466605
2018466636
2018466667
2018466698
2018466729
2018466760
2018466791
2018466822
2018466853
2018466884
2018466915
2018466946
2018466977
2018467008
2018467039
2018467070
2018467101
2018467132
2018467163
2018467194
2018467225
2018467256
2018467287
2018467318
2018467349
2018467380
2018467411
2018467442
2018467473
2018467504
2018467535
2018467566
2018467597
2018467628
2018467659
2018467690
2018467721
2018467752
2018467783
2018467814
2018467845
2018467876
2018467907
2018467938
2018467969
2018468000
2018468031
2018468062
2018468093
2018468124
2018468155
2018468186
2018468217
2018468248
2018468279
2018468310
2018468341
2018468372
2018468403
2018468434
2018468465
2018468496
2018468527
2018468558
2018468589
2018468620
2018468651
2018468682
2018468713
2018468744
2018468775
2018468806
2018468837
2018468868
2018468899
2018468930
2018468961
2018468992
2018469023
2018469054
2018469085
2018469116
2018469147
2018469178
2018469209
2018469240
2018469271
2018469302
2018469333
2018469364
2018469395
2018469426
2018469457
2018469488
2018469519
2018469550
2018469581
2018469612
2018469643
2018469674
2018469705
2018469736
2018469767
2018469798
2018469829
2018469860
2018469891
2018469922
2018469953
2018469984
2018470015
2018470046
2018470077
2018470108
2018470139
2018470170
2018470201
2018470232
2018470263
2018470294
2018470325
2018470356
2018470387
2018470418
2018470449
2018470480
2018470511
2018470542
2018470573
2018470604
2018470635
2018470666
2018470697
2018470728
2018470759
2018470790
2018470821
2018470852
2018470883
2018470914
2018470945
2018470976
2018471007
2018471038
2018471069
2018471100
2018471131
2018471162
2018471193
2018471224
2018471255
2018471286
2018471317
2018471348
2018471379
2018471410
2018471441
2018471472
2018471503
2018471534
2018471565
2018471596
2018471627
2018471658
2018471689
2018471720
2018471751
2018471782
2018471813
2018471844
2018471875
2018471906
2018471937
2018471968
2018471999
2018472030
2018472061
2018472092
2018472123
2018472154
2018472185
2018472216
2018472247
2018472278
2018472309
2018472340
2018472371
2018472402
2018472433
2018472464
2018472495
2018472526
2018472557
2018472588
2018472619
2018472650
2018472681
2018472712
2018472743
2018472774
2018472805
2018472836
2018472867
2018472898
2018472929
2018472960
2018472991
2018473022
2018473053
2018473084
2018473115
2018473146
2018473177
2018473208
2018473239
2018473270
2018473301
2018473332
2018473363
2018473394
2018473425
2018473456
2018473487
2018473518
2018473549
2018473580
2018473611
2018473642
2018473673
2018473704
2018473735
2018473766
2018473797
2018473828
2018473859
2018473890
2018473921
2018473952
2018473983
2018474014
2018474045
2018474076
2018474107
2018474138
2018474169
2018474200
2018474231
2018474262
2018474293
2018474324
2018474355
2018474386
2018474417
2018474448
2018474479
2018474510
2018474541
2018474572
2018474603
2018474634
2018474665
2018474696
2018474727
2018474758
2018474789
2018474820
2018474851
2018474882
2018474913
2018474944
2018474975
2018475006
2018475037
2018475068
2018475099
2018475130
2018475161
2018475192
2018475223
2018475254
2018475285
2018475316
2018475347
2018475378
2018475409
2018475440
2018475471
2018475502
2018475533
2018475564
2018475595
2018475626
2018475657
2018475688
2018475719
2018475750
2018475781
2018475812
2018475843
2018475874
2018475905
2018475936
2018475967
2018475998
2018476029
2018476060
2018476091
2018476122
2018476153
2018476184
2018476215
2018476246
2018476277
2018476308
2018476339
2018476370
2018476401
2018476432
2018476463
2018476494
2018476525
2018476556
2018476587
2018476618
2018476649
2018476680
2018476711
2018476742
2018476773
2018476804
2018476835
2018476866
2018476897
2018476928
2018476959
2018476990
2018477021
2018477052
2018477083
2018477114
2018477145
2018477176
2018477207
2018477238
2018477269
2018477300
2018477331
2018477362
2018477393
2018477424
2018477455
2018477486
2018477517
2018477548
2018477579
2018477610
2018477641
2018477672
2018477703
2018477734
2018477765
2018477796
2018477827
2018477858
2018477889
2018477920
2018477951
2018477982
2018478013
2018478044
2018478075
2018478106
2018478137
2018478168
2018478199
2018478230
2018478261
2018478292
2018478323
2018478354
2018478385
2018478416
2018478447
2018478478
2018478509
2018478540
2018478571
2018478602
2018478633
2018478664
2018478695
2018478726
2018478757
2018478788
2018478819
2018478850
2018478881
2018478912
2018478943
2018478974
2018479005
2018479036
2018479067
2018479098
2018479129
2018479160
2018479191
2018479222
2018479253
2018479284
2018479315
2018479346
2018479377
2018479408
2018479439
2018479470
2018479501
2018479532
2018479563
2018479594
2018479625
2018479656
2018479687
2018479718
2018479749
2018479780
2018479811
2018479842
2018479873
2018479904
2018479935
2018479966
2018479997
2018480028
2018480059
2018480090
2018480121
2018480152
2018480183
2018480214
2018480245
2018480276
2018480307
2018480338
2018480369
2018480400
2018480431
2018480462
2018480493
2018480524
2018480555
2018480586
2018480617
2018480648
2018480679
2018480710
2018480741
2018480772
2018480803
2018480834
2018480865
2018480896
2018480927
2018480958
2018480989
2018481020
2018481051
2018481082
2018481113
2018481144
2018481175
2018481206
2018481237
2018481268
2018481299
2018481330
2018481361
2018481392
2018481423
2018481454
2018481485
2018481516
2018481547
2018481578
2018481609
2018481640
2018481671
2018481702
2018481733
2018637198
2018637229
2018637260
2018637291
2018637322
2018637353
2018637384
2018637415
2018637446
2018637477
2018637508
2018637539
2018637570
2018637601
2018637632
2018637663
2018637694
2018637725
2018637756
2018637787
2018637818
2018637849
2018637880
2018637911
2018637942
2018637973
2018638004
2018638035
2018638066
2018638097
2018638128
2018638159
2018638190
2018638221
2018638252
2018638283
2018638314
2018638345
2018638376
2018638407
2018638438
2018638469
2018638500
2018638531
2018638562
2018638593
2018638624
2018638655
2018638686
2018638717
2018638748
2018638779
2018638810
2018638841
2018638872
2018638903
2018638934
2018638965
2018638996
2018639027
2018639058
2018639089
2018639120
2018639151
2018639182
2018639213
2018639244
2018639275
2018639306
2018639337
2018639368
2018639399
2018639430
2018639461
2018639492
2018639523
2018639554
2018639585
2018639616
2018639647
2018639678
2018639709
2018639740
2018639771
2018639802
2018639833
2018639864
2018639895
2018639926
2018639957
2018639988
2018640019
2018640050
2018640081
2018640112
2018640143
2018640174
2018640205
2018640236
2018640267
2018640298
2018640329
2018640360
2018640391
2018640422
2018640453
2018640484
2018640515
2018640546
2018640577
2018640608
2018640639
2018640670
2018640701
2018640732
2018640763
2018640794
2018640825
2018640856
2018640887
2018640918
2018640949
2018640980
2018641011
2018641042
2018641073
2018641104
2018641135
2018641166
2018641197
2018641228
2018641259
2018641290
2018641321
2018641352
2018641383
2018641414
2018641445
2018641476
2018641507
2018641538
2018641569
2018641600
2018641631
2018641662
2018641693
2018641724
2018641755
2018641786
2018641817
2018641848
2018641879
2018641910
2018641941
2018641972
2018642003
2018642034
2018642065
2018642096
2018642127
2018642158
2018642189
2018642220
2018642251
2018642282
2018642313
2018642344
2018642375
2018642406
2018642437
2018642468
2018642499
2018642530
2018642561
2018642592
2018642623
2018642654
2018642685
2018642716
2018642747
2018642778
2018642809
2018642840
2018642871
2018642902
2018642933
2018642964
2018642995
2018643026
2018643057
2018643088
2018643119
2018643150
2018643181
2018643212
2018643243
2018643274
2018643305
2018643336
2018643367
2018643398
2018643429
2018643460
2018643491
2018643522
2018643553
2018643584
2018643615
2018643646
2018643677
2018643708
2018643739
2018643770
2018643801
2018643832
2018643863
2018643894
2018643925
2018643956
2018643987
2018644018
2018644049
2018644080
2018644111
2018644142
2018644173
2018644204
2018644235
2018644266
2018644297
2018644328
2018644359
2018644390
2018644421
2018644452
2018644483
2018644514
2018644545
2018644576
2018644607
2018644638
2018644669
2018644700
2018644731
2018644762
2018644793
2018644824
2018644855
2018644886
2018644917
2018644948
2018644979
2018645010
2018645041
2018645072
2018645103
2018645134
2018645165
2018645196
2018645227
2018645258
2018645289
2018645320
2018645351
2018645382
2018645413
2018645444
2018645475
2018645506
2018645537
2018645568
2018645599
2018645630
2018645661
2018645692
2018645723
2018645754
2018645785
2018645816
2018645847
2018645878
2018645909
2018645940
2018645971
2018646002
2018646033
2018646064
2018646095
2018646126
2018646157
2018646188
2018646219
2018646250
2018646281
2018646312
2018646343
2018646374
2018646405
2018646436
2018646467
2018646498
2018646529
2018646560
2018646591
2018646622
2018646653
2018646684
2018646715
2018646746
2018646777
2018646808
2018646839
2018646870
2018646901
2018646932
2018646963
2018646994
2018647025
2018647056
2018647087
2018647118
2018647149
2018647180
2018647211
2018647242
2018647273
2018647304
2018647335
2018647366
2018647397
2018647428
2018647459
2018647490
2018647521
2018647552
2018647583
2018647614
2018647645
2018647676
2018647707
2018647738
2018647769
2018647800
2018647831
2018647862
2018647893
2018647924
2018647955
2018647986
2018648017
2018648048
2018648079
2018648110
2018648141
2018648172
2018648203
2018648234
2018648265
2018648296
2018648327
2018648358
2018648389
2018648420
2018648451
2018648482
2018648513
2018648544
2018648575
2018648606
2018648637
2018648668
2018648699
2018648730
2018648761
2018648792
2018648823
2018648854
2018648885
2018648916
2018648947
2018648978
2018649009
2018649040
2018649071
2018649102
2018649133
2018649164
2018649195
2018649226
2018649257
2018649288
2018649319
2018649350
2018649381
2018649412
2018649443
2018649474
2018649505
2018649536
2018649567
2018649598
2018649629
2018649660
2018649691
2018649722
2018649753
2018649784
2018649815
2018649846
2018649877
2018649908
2018649939
2018649970
2018650001
2018650032
2018650063
2018650094
2018650125
2018650156
2018650187
2018650218
2018650249
2018650280
2018650311
2018650342
2018650373
2018650404
2018650435
2018650466
2018650497
2018650528
2018650559
2018650590
2018650621
2018650652
2018650683
2018650714
2018650745
2018650776
2018650807
2018650838
2018650869
2018650900
2018650931
2018650962
2018650993
2018651024
2018651055
2018651086
2018651117
2018651148
2018651179
2018651210
2018651241
2018651272
2018651303
2018651334
2018651365
2018651396
2018651427
2018651458
2018651489
2018651520
2018651551
2018651582
2018651613
2018651644
2018651675
2018651706
2018651737
2018651768
2018651799
2018651830
2018651861
2018651892
2018651923
2018651954
2018651985
2018652016
2018652047
2018652078
2018652109
2018652140
2018652171
2018652202
2018652233
2018652264
2018652295
2018652326
2018652357
2018652388
2018652419
2018652450
2018652481
2018652512
2018652543
2018652574
2018652605
2018652636
2018652667
2018652698
2018652729
2018652760
2018652791
2018652822
2018652853
2018652884
2018652915
2018652946
2018652977
2018653008
2018653039
2018653070
2018653101
2018653132
2018653163
2018653194
2018653225
2018653256
2018653287
2018653318
2018653349
2018653380
2018653411
2018653442
2018653473
2018653504
2018653535
2018653566
2018653597
2018653628
2018653659
2018653690
2018653721
2018653752
2018653783
2018653814
2018653845
2018653876
2018653907
2018653938
2018653969
2018654000
2018654031
2018654062
2018654093
2018654124
2018654155
2018654186
2018654217
2018654248
2018654279
2018654310
2018654341
2018654372
2018654403
2018654434
2018654465
2018654496
2018654527
2018654558
2018654589
2018654620
2018654651
2018654682
2018654713
2018654744
2018654775
2018654806
2018654837
2018654868
2018654899
2018654930
2018654961
2018654992
2018655023
2018655054
2018655085
2018655116
2018655147
2018655178
2018655209
2018655240
2018655271
2018655302
2018655333
2018655364
2018655395
2018655426
2018655457
2018655488
2018655519
2018655550
2018655581
2018655612
2018655643
2018655674
2018655705
2018655736
2018655767
2018655798
2018655829
2018655860
2018655891
2018655922
2018655953
2018655984
2018656015
2018656046
2018656077
2018656108
2018656139
2018656170
2018656201
2018656232
2018656263
2018656294
2018656325
2018656356
2018656387
2018656418
2018656449
2018656480
2018656511
2018656542
2018656573
2018656604
2018656635
2018656666
2018656697
2018656728
2018656759
2018656790
2018656821
2018656852
2018656883
2018656914
2018656945
2018656976
2018657007
2018657038
2018657069
2018657100
2018657131
2018657162
2018657193
2018657224
2018657255
2018657286
2018657317
2018657348
2018657379
2018657410
2018657441
2018657472
2018657503
2018657534
2018657565
2018657596
2018657627
2018657658
2018657689
2018657720
2018657751
2018657782
2018657813
2018657844
2018657875
2018657906
2018657937
2018657968
2018657999
2018658030
2018658061
2018658092
2018829367
2018829398
2018829429
2018829460
2018829491
2018829522
2018829553
2018829584
2018829615
2018829646
2018829677
2018829708
2018829739
2018829770
2018829801
2018829832
2018829863
2018829894
2018829925
2018829956
2018829987
2018830018
2018830049
2018830080
2018830111
2018830142
2018830173
2018830204
2018830235
2018830266
2018830297
2018830328
2018830359
2018830390
2018830421
2018830452
2018830483
2018830514
2018830545
2018830576
2018830607
2018830638
2018830669
2018830700
2018830731
2018830762
2018830793
2018830824
2018830855
2018830886
2018830917
2018830948
2018830979
2018831010
2018831041
2018831072
2018831103
2018831134
2018831165
2018831196
2018831227
2018831258
2018831289
2018831320
2018831351
2018831382
2018831413
2018831444
2018831475
2018831506
2018831537
2018831568
2018831599
2018831630
2018831661
2018831692
2018831723
2018831754
2018831785
2018831816
2018831847
2018831878
2018831909
2018831940
2018831971
2018832002
2018832033
2018832064
2018832095
2018832126
2018832157
2018832188
2018832219
2018832250
2018832281
2018832312
2018832343
2018832374
2018832405
2018832436
2018832467
2018832498
2018832529
2018832560
2018832591
2018832622
2018832653
2018832684
2018832715
2018832746
2018832777
2018832808
2018832839
2018832870
2018832901
2018832932
2018832963
2018832994
2018833025
2018833056
2018833087
2018833118
2018833149
2018833180
2018833211
2018833242
2018833273
2018833304
2018833335
2018833366
2018833397
2018833428
2018833459
2018833490
2018833521
2018833552
2018833583
2018833614
2018833645
2018833676
2018833707
2018833738
2018833769
2018833800
2018833831
2018833862
2018833893
2018833924
2018833955
2018833986
2018834017
2018834048
2018834079
2018834110
2018834141
2018834172
2018834203
2018834234
2018834265
2018834296
2018834327
2018834358
2018834389
2018834420
2018834451
2018834482
2018834513
2018834544
2018834575
2018834606
2018834637
2018834668
2018834699
2018834730
2018834761
2018834792
2018834823
2018834854
2018834885
2018834916
2018834947
2018834978
2018835009
2018835040
2018835071
2018835102
2018835133
2018835164
2018835195
2018835226
2018835257
2018835288
2018835319
2018835350
2018835381
2018835412
2018835443
2018835474
2018835505
2018835536
2018835567
2018835598
2018835629
2018835660
2018835691
2018835722
2018835753
2018835784
2018835815
2018835846
2018835877
2018835908
2018835939
2018835970
2018836001
2018836032
2018836063
2018836094
2018836125
2018836156
2018836187
2018836218
2018836249
2018836280
2018836311
2018836342
2018836373
2018836404
2018836435
2018836466
2018836497
2018836528
2018836559
2018836590
2018836621
2018836652
2018836683
2018836714
2018836745
2018836776
2018836807
2018836838
2018836869
2018836900
2018836931
2018836962
2018836993
2018837024
2018837055
2018837086
2018837117
2018837148
2018837179
2018837210
2018837241
2018837272
2018837303
2018837334
2018837365
2018837396
2018837427
2018837458
2018837489
2018837520
2018837551
2018837582
2018837613
2018837644
2018837675
2018837706
2018837737
2018837768
2018837799
2018837830
2018837861
2018837892
2018837923
2018837954
2018837985
2018838016
2018838047
2018838078
2018838109
2018838140
2018838171
2018838202
2018838233
2018838264
2018838295
2018838326
2018838357
2018838388
2018838419
2018838450
2018838481
2018838512
2018838543
2018838574
2018838605
2018838636
2018838667
2018838698
2018838729
2018838760
2018838791
2018838822
2018838853
2018838884
2018838915
2018838946
2018838977
2018839008
2018839039
2018839070
2018839101
2018839132
2018839163
2018839194
2018839225
2018839256
2018839287
2018839318
2018839349
2018839380
2018839411
2018839442
2018839473
2018839504
2018839535
2018839566
2018839597
2018839628
2018839659
2018839690
2018839721
2018839752
2018839783
2018839814
2018839845
2018839876
2018839907
2018839938
2018839969
2018840000
2018840031
2018840062
2018840093
2018840124
2018840155
2018840186
2018840217
2018840248
2018840279
2018840310
2018840341
2018840372
2018840403
2018840434
2018840465
2018840496
2018840527
2018840558
2018840589
2018840620
2018840651
2018840682
2018840713
2018840744
2018840775
2018840806
2018840837
2018840868
2018840899
2018840930
2018840961
2018840992
2018841023
2018841054
2018841085
2018841116
2018841147
2018841178
2018841209
2018841240
2018841271
2018841302
2018841333
2018841364
2018841395
2018841426
2018841457
2018841488
2018841519
2018841550
2018841581
2018841612
2018841643
2018841674
2018841705
2018841736
2018841767
2018841798
2018841829
2018841860
2018841891
2018841922
2018841953
2018841984
2018842015
2018842046
2018842077
2018842108
2018842139
2018842170
2018842201
2018842232
2018842263
2018842294
2018842325
2018842356
2018842387
2018842418
2018842449
2018842480
2018842511
2018842542
2018842573
2018842604
2018842635
2018842666
2018842697
2018842728
2018842759
2018842790
2018842821
2018842852
2018842883
2018842914
2018842945
2018842976
2018843007
2018843038
2018843069
2018843100
2018843131
2018843162
2018843193
2018843224
2018843255
2018843286
2018843317
2018843348
2018843379
2018843410
2018843441
2018843472
2018843503
2018843534
2018843565
2018843596
2018843627
2018843658
2018843689
2018843720
2018843751
2018843782
2018843813
2018843844
2018843875
2018843906
2018843937
2018843968
2018843999
2018844030
2018844061
2018844092
2018844123
2018844154
2018844185
2018844216
2018844247
2018844278
2018844309
2018844340
2018844371
2018844402
2018844433
2018844464
2018844495
2018844526
2018844557
2018844588
2018844619
2018844650
2018844681
2018844712
2018844743
2018844774
2018844805
2018844836
2018844867
2018844898
2018844929
2018844960
2018844991
2018845022
2018845053
2018845084
2018845115
2018845146
2018845177
2018845208
2018845239
2018845270
2018845301
2018845332
2018845363
2018845394
2018845425
2018845456
2018845487
2018845518
2018845549
2018845580
2018845611
2018845642
2018845673
2018845704
2018845735
2018845766
2018845797
2018845828
2018845859
2018845890
2018845921
2018845952
2018845983
2018846014
2018846045
2018846076
2018846107
2018846138
2018846169
2018846200
2018846231
2018846262
2018846293
2018846324
2018846355
2018846386
2018846417
2018846448
2018846479
2018846510
2018846541
2018846572
2018846603
2018846634
2018846665
2018846696
2018846727
2018846758
2018846789
2018846820
2018846851
2018846882
2018846913
2018846944
2018846975
2018847006
2018847037
2018847068
2018847099
2018847130
2018847161
2018847192
2018847223
2018847254
2018847285
2018847316
2018847347
2018847378
2018847409
2018847440
2018847471
2018847502
2018847533
2018847564
2018847595
2018847626
2018847657
2018847688
2018847719
2018847750
2018847781
2018847812
2018847843
2018847874
2018847905
2018847936
2018847967
2018847998
2018848029
2018848060
2018848091
2018848122
2018848153
2018848184
2018848215
2018848246
2018848277
2018848308
2018848339
2018848370
2018848401
2018848432
2018848463
2018848494
2018848525
2018848556
2018848587
2018848618
2018848649
2018848680
2018848711
2018848742
2018848773
2018848804
2018848835
2018848866
2018848897
2018848928
2018848959
2018848990
2018849021
2018849052
2018849083
2018849114
2018849145
2018849176
2018849207
2018849238
2018849269
2018849300
2018849331
2018849362
2018849393
2018849424
2018849455
2018849486
2018849517
2018849548
2018849579
2018849610
2018849641
2018849672
2018849703
2018849734
2018849765
2018849796
2018849827
2018849858
2018849889
2018849920
2018849951
2018849982
2018850013
2018850044
2018850075
2018850106
2018850137
2018850168
2018850199
2018850230
2018850261
2018850292
2018850323
2018850354
2018850385
2018850416
2018850447
2018850478
2018850509
2018850540
2018850571
2018850602
2018850633
2018850664
2018850695
2018850726
2018850757
2018850788
2018850819
2018850850
2018850881
2018850912
2018850943
2018850974
2018851005
2018851036
2018851067
2018851098
2018851129
2018851160
2018851191
2018851222
2018851253
2018851284
2018851315
2018851346
2018851377
2018851408
2018851439
2018851470
2018851501
2018851532
2018851563
2018851594
2018851625
2018851656
2018851687
2018851718
2018851749
2018851780
2018851811
2018851842
2018851873
2018851904
2018851935
2018851966
2018851997
2018852028
2018852059
2018852090
2018852121
2018852152
2018852183
2018852214
2018852245
2018852276
2018852307
2018852338
2018852369
2018852400
2018852431
2018852462
2018852493
2018852524
2018852555
2018852586
2018852617
2018852648
2018852679
2018852710
2018852741
2018852772
2018852803
2018852834
2018852865
2018852896
2018852927
2018852958
2018852989
2018853020
2018853051
2018853082
2018853113
2018853144
2018853175
2018853206
2018853237
2018853268
2018853299
2018853330
2018853361
2018853392
2018853423
2018853454
2018853485
2018853516
2018853547
2018853578
2018853609
2018853640
2018853671
2018853702
2018853733
2018853764
2018853795
2018853826
2018853857
2018853888
2018853919
2018853950
2018853981
2018854012
2018854043
2018854074
2018854105
2018854136
2018854167
2018854198
2018854229
2018854260
2018854291
2018854322
2018854353
2018854384
2018854415
2018854446
2018854477
2018854508
2018854539
2018854570
2018854601
2018854632
2018854663
2018854694
2018854725
2018854756
2018854787
2018854818
2018854849
2018854880
2018854911
2018854942
2018854973
2018855004
2018855035
2018855066
2018855097
2018855128
2018855159
2018855190
2018855221
2018855252
2018855283
2018855314
2018855345
2018855376
2018855407
2018855438
2018855469
2018855500
2018855531
2018855562
2018855593
2018855624
2018855655
2018855686
2018855717
2018855748
2018855779
2018855810
2018855841
2018855872
2018855903
2018855934
2018855965
2018855996
2018856027
2018856058
2018856089
2018856120
2018856151
2018856182
2018856213
2018856244
2018856275
2018856306
2018856337
2018856368
2018856399
2018856430
2018856461
2019036385
2019036416
2019036447
2019036478
2019036509
2019036540
2019036571
2019036602
2019036633
2019036664
2019036695
2019036726
2019036757
2019036788
2019036819
2019036850
2019036881
2019036912
2019036943
2019036974
2019037005
2019037036
2019037067
2019037098
2019037129
2019037160
2019037191
2019037222
2019037253
2019037284
2019037315
2019037346
2019037377
2019037408
2019037439
2019037470
2019037501
2019037532
2019037563
2019037594
2019037625
2019037656
2019037687
2019037718
2019037749
2019037780
2019037811
2019037842
2019037873
2019037904
2019037935
2019037966
2019037997
2019038028
2019038059
2019038090
2019038121
2019038152
2019038183
2019038214
2019038245
2019038276
2019038307
2019038338
2019038369
2019038400
2019038431
2019038462
2019038493
2019038524
2019038555
2019038586
2019038617
2019038648
2019038679
2019038710
2019038741
2019038772
2019038803
2019038834
2019038865
2019038896
2019038927
2019038958
2019038989
2019039020
2019039051
2019039082
2019039113
2019039144
2019039175
2019039206
2019039237
2019039268
2019039299
2019039330
2019039361
2019039392
2019039423
2019039454
2019039485
2019039516
2019039547
2019039578
2019039609
2019039640
2019039671
2019039702
2019039733
2019039764
2019039795
2019039826
2019039857
2019039888
2019039919
2019039950
2019039981
2019040012
2019040043
2019040074
2019040105
2019040136
2019040167
2019040198
2019040229
2019040260
2019040291
2019040322
2019040353
2019040384
2019040415
2019040446
2019040477
2019040508
2019040539
2019040570
2019040601
2019040632
2019040663
2019040694
2019040725
2019040756
2019040787
2019040818
2019040849
2019040880
2019040911
2019040942
2019040973
2019041004
2019041035
2019041066
2019041097
2019041128
2019041159
2019041190
2019041221
2019041252
2019041283
2019041314
2019041345
2019041376
2019041407
2019041438
2019041469
2019041500
2019041531
2019041562
2019041593
2019041624
2019041655
2019041686
2019041717
2019041748
2019041779
2019041810
2019041841
2019041872
2019041903
2019041934
2019041965
2019041996
2019042027
2019042058
2019042089
2019042120
2019042151
2019042182
2019042213
2019042244
2019042275
2019042306
2019042337
2019042368
2019042399
2019042430
2019042461
2019042492
2019042523
2019042554
2019042585
2019042616
2019042647
2019042678
2019042709
2019042740
2019042771
2019042802
2019042833
2019042864
2019042895
2019042926
2019042957
2019042988
2019043019
2019043050
2019043081
2019043112
2019043143
2019043174
2019043205
2019043236
2019043267
2019043298
2019043329
2019043360
2019043391
2019043422
2019043453
2019043484
2019043515
2019043546
2019043577
2019043608
2019043639
2019043670
2019043701
2019043732
2019043763
2019043794
2019043825
2019043856
2019043887
2019043918
2019043949
2019043980
2019044011
2019044042
2019044073
2019044104
2019044135
2019044166
2019044197
2019044228
2019044259
2019044290
2019044321
2019044352
2019044383
2019044414
2019044445
2019044476
2019044507
2019044538
2019044569
2019044600
2019044631
2019044662
2019044693
2019044724
2019044755
2019044786
2019044817
2019044848
2019044879
2019044910
2019044941
2019044972
2019045003
2019045034
2019045065
2019045096
2019045127
2019045158
2019045189
2019045220
2019045251
2019045282
2019045313
2019045344
2019045375
2019045406
2019045437
2019045468
2019045499
2019045530
2019045561
2019045592
2019045623
2019045654
2019045685
2019045716
2019045747
2019045778
2019045809
2019045840
2019045871
2019045902
2019045933
2019045964
2019045995
2019046026
2019046057
2019046088
2019046119
2019046150
2019046181
2019046212
2019046243
2019046274
2019046305
2019046336
2019046367
2019046398
2019046429
2019046460
2019046491
2019046522
2019046553
2019046584
2019046615
2019046646
2019046677
2019046708
2019046739
2019046770
2019046801
2019046832
2019046863
2019046894
2019046925
2019046956
2019046987
2019047018
2019047049
2019047080
2019047111
2019047142
2019047173
2019047204
2019047235
2019047266
2019047297
2019047328
2019047359
2019047390
2019047421
2019047452
2019047483
2019047514
2019047545
2019047576
2019047607
2019047638
2019047669
2019047700
2019047731
2019047762
2019047793
2019047824
2019047855
2019047886
2019047917
2019047948
2019047979
2019048010
2019048041
2019048072
2019048103
2019048134
2019048165
2019048196
2019048227
2019048258
2019048289
2019048320
2019048351
2019048382
2019048413
2019048444
2019048475
2019048506
2019048537
2019048568
2019048599
2019048630
2019048661
2019048692
2019048723
2019048754
2019048785
2019048816
2019048847
2019048878
2019048909
2019048940
2019048971
2019049002
2019049033
2019049064
2019049095
2019049126
2019049157
2019049188
2019049219
2019049250
2019049281
2019049312
2019049343
2019049374
2019049405
2019049436
2019049467
2019049498
2019049529
2019049560
2019049591
2019049622
2019049653
2019049684
2019049715
2019049746
2019049777
2019049808
2019049839
2019049870
2019049901
2019049932
2019049963
2019049994
2019050025
2019050056
2019050087
2019050118
2019050149
2019050180
2019050211
2019050242
2019050273
2019050304
2019050335
2019050366
2019050397
2019050428
2019050459
2019050490
2019050521
2019050552
2019050583
2019050614
2019050645
2019050676
2019050707
2019050738
2019050769
2019050800
2019050831
2019050862
2019050893
2019050924
2019050955
2019050986
2019051017
2019051048
2019051079
2019051110
2019051141
2019051172
2019051203
2019051234
2019051265
2019051296
2019051327
2019051358
2019051389
2019051420
2019051451
2019051482
2019051513
2019051544
2019051575
2019051606
2019051637
2019051668
2019051699
2019051730
2019051761
2019051792
2019051823
2019051854
2019051885
2019051916
2019051947
2019051978
2019052009
2019052040
2019052071
2019052102
2019052133
2019052164
2019052195
2019052226
2019052257
2019052288
2019052319
2019052350
2019052381
2019052412
2019052443
2019052474
2019052505
2019052536
2019052567
2019052598
2019052629
2019052660
2019052691
2019052722
2019052753
2019052784
2019052815
2019052846
2019052877
2019052908
2019052939
2019052970
2019053001
2019053032
2019053063
2019053094
2019053125
2019053156
2019053187
2019053218
2019053249
2019053280
2019053311
2019053342
2019053373
2019053404
2019053435
2019053466
2019053497
2019053528
2019053559
2019053590
2019053621
2019053652
2019053683
2019053714
2019053745
2019053776
2019053807
2019053838
2019053869
2019053900
2019053931
2019053962
2019053993
2019054024
2019054055
2019054086
2019054117
2019054148
2019054179
2019054210
2019054241
2019054272
2019054303
2019054334
2019054365
2019054396
2019054427
2019054458
2019054489
2019054520
2019054551
2019054582
2019054613
2019054644
2019054675
2019054706
2019054737
2019054768
2019054799
2019054830
2019054861
2019054892
2019054923
2019054954
2019054985
2019055016
2019055047
2019055078
2019055109
2019055140
2019055171
2019055202
2019055233
2019055264
2019055295
2019055326
2019055357
2019055388
2019055419
2019055450
2019055481
2019055512
2019055543
2019055574
2019055605
2019055636
2019055667
2019055698
2019055729
2019055760
2019055791
2019055822
2019055853
2019055884
2019055915
2019055946
2019055977
2019056008
2019056039
2019056070
2019056101
2019056132
2019056163
2019056194
2019056225
2019056256
2019056287
2019056318
2019056349
2019056380
2019056411
2019056442
2019056473
2019056504
2019056535
2019056566
2019056597
2019056628
2019056659
2019056690
2019056721
2019056752
2019056783
2019056814
2019056845
2019056876
2019056907
2019056938
2019056969
2019057000
2019057031
2019057062
2019057093
2019057124
2019057155
2019057186
2019057217
2019057248
2019057279
2019057310
2019057341
2019057372
2019057403
2019057434
2019057465
2019057496
2019057527
2019057558
2019057589
2019057620
2019057651
2019057682
2019057713
2019057744
2019057775
2019057806
2019057837
2019057868
2019057899
2019057930
2019057961
2019057992
2019058023
2019058054
2019058085
2019058116
2019058147
2019058178
2019058209
2019058240
2019058271
2019058302
2019058333
2019058364
2019058395
2019058426
2019058457
2019058488
2019058519
2019058550
2019058581
2019058612
2019058643
2019058674
2019058705
2019058736
2019058767
2019058798
2019058829
2019058860
2019058891
2019058922
2019058953
2019058984
2019059015
2019059046
2019059077
2019059108
2019059139
2019059170
2019059201
2019059232
2019059263
2019059294
2019059325
2019059356
2019059387
2019059418
2019059449
2019059480
2019059511
2019059542
2019059573
2019059604
2019059635
2019059666
2019059697
2019059728
2019059759
2019059790
2019059821
2019059852
2019059883
2019059914
2019059945
2019059976
2019060007
2019060038
2019060069
2019060100
2019060131
2019060162
2019060193
2019060224
2019060255
2019060286
2019060317
2019060348
2019060379
2019060410
2019060441
2019060472
2019060503
2019060534
2019060565
2019060596
2019060627
2019060658
2019060689
2019060720
2019060751
2019060782
2019060813
2019060844
2019060875
2019060906
2019060937
2019060968
2019060999
2019061030
2019061061
2019061092
2019061123
2019061154
2019061185
2019061216
2019061247
2019061278
2019061309
2019061340
2019061371
2019061402
2019061433
2019061464
2019061495
2019061526
2019061557
2019061588
2019061619
2019061650
2019061681
2019061712
2019061743
2019061774
2019061805
2019061836
2019061867
2019061898
2019061929
2019061960
2019061991
2019062022
2019062053
2019062084
2019062115
2019062146
2019062177
2019062208
2019062239
2019062270
2019062301
2019252083
2019252114
2019252145
2019252176
2019252207
2019252238
2019252269
2019252300
2019252331
2019252362
2019252393
2019252424
2019252455
2019252486
2019252517
2019252548
2019252579
2019252610
2019252641
2019252672
2019252703
2019252734
2019252765
2019252796
2019252827
2019252858
2019252889
2019252920
2019252951
2019252982
2019253013
2019253044
2019253075
2019253106
2019253137
2019253168
2019253199
2019253230
2019253261
2019253292
2019253323
2019253354
2019253385
2019253416
2019253447
2019253478
2019253509
2019253540
2019253571
2019253602
2019253633
2019253664
2019253695
2019253726
2019253757
2019253788
2019253819
2019253850
2019253881
2019253912
2019253943
2019253974
2019254005
2019254036
2019254067
2019254098
2019254129
2019254160
2019254191
2019254222
2019254253
2019254284
2019254315
2019254346
2019254377
2019254408
2019254439
2019254470
2019254501
2019254532
2019254563
2019254594
2019254625
2019254656
2019254687
2019254718
2019254749
2019254780
2019254811
2019254842
2019254873
2019254904
2019254935
2019254966
2019254997
2019255028
2019255059
2019255090
2019255121
2019255152
2019255183
2019255214
2019255245
2019255276
2019255307
2019255338
2019255369
2019255400
2019255431
2019255462
2019255493
2019255524
2019255555
2019255586
2019255617
2019255648
2019255679
2019255710
2019255741
2019255772
2019255803
2019255834
2019255865
2019255896
2019255927
2019255958
2019255989
2019256020
2019256051
2019256082
2019256113
2019256144
2019256175
2019256206
2019256237
2019256268
2019256299
2019256330
2019256361
2019256392
2019256423
2019256454
2019256485
2019256516
2019256547
2019256578
2019256609
2019256640
2019256671
2019256702
2019256733
2019256764
2019256795
2019256826
2019256857
2019256888
2019256919
2019256950
2019256981
2019257012
2019257043
2019257074
2019257105
2019257136
2019257167
2019257198
2019257229
2019257260
2019257291
2019257322
2019257353
2019257384
2019257415
2019257446
2019257477
2019257508
2019257539
2019257570
2019257601
2019257632
2019257663
2019257694
2019257725
2019257756
2019257787
2019257818
2019257849
2019257880
2019257911
2019257942
2019257973
2019258004
2019258035
2019258066
2019258097
2019258128
2019258159
2019258190
2019258221
2019258252
2019258283
2019258314
2019258345
2019258376
2019258407
2019258438
2019258469
2019258500
2019258531
2019258562
2019258593
2019258624
2019258655
2019258686
2019258717
2019258748
2019258779
2019258810
2019258841
2019258872
2019258903
2019258934
2019258965
2019258996
2019259027
2019259058
2019259089
2019259120
2019259151
2019259182
2019259213
2019259244
2019259275
2019259306
2019259337
2019259368
2019259399
2019259430
2019259461
2019259492
2019259523
2019259554
2019259585
2019259616
2019259647
2019259678
2019259709
2019259740
2019259771
2019259802
2019259833
2019259864
2019259895
2019259926
2019259957
2019259988
2019260019
2019260050
2019260081
2019260112
2019260143
2019260174
2019260205
2019260236
2019260267
2019260298
2019260329
2019260360
2019260391
2019260422
2019260453
2019260484
2019260515
2019260546
2019260577
2019260608
2019260639
2019260670
2019260701
2019260732
2019260763
2019260794
2019260825
2019260856
2019260887
2019260918
2019260949
2019260980
2019261011
2019261042
2019261073
2019261104
2019261135
2019261166
2019261197
2019261228
2019261259
2019261290
2019261321
2019261352
2019261383
2019261414
2019261445
2019261476
2019261507
2019261538
2019261569
2019261600
2019261631
2019261662
2019261693
2019261724
2019261755
2019261786
2019261817
2019261848
2019261879
2019261910
2019261941
2019261972
2019262003
2019262034
2019262065
2019262096
2019262127
2019262158
2019262189
2019262220
2019262251
2019262282
2019262313
2019262344
2019262375
2019262406
2019262437
2019262468
2019262499
2019262530
2019262561
2019262592
2019262623
2019262654
2019262685
2019262716
2019262747
2019262778
2019262809
2019262840
2019262871
2019262902
2019262933
2019262964
2019262995
2019263026
2019263057
2019263088
2019263119
2019263150
2019263181
2019263212
2019263243
2019263274
2019263305
2019263336
2019263367
2019263398
2019263429
2019263460
2019263491
2019263522
2019263553
2019263584
2019263615
2019263646
2019263677
2019263708
2019263739
2019263770
2019263801
2019263832
2019263863
2019263894
2019263925
2019263956
2019263987
2019264018
2019264049
2019264080
2019264111
2019264142
2019264173
2019264204
2019264235
2019264266
2019264297
2019264328
2019264359
2019264390
2019264421
2019264452
2019264483
2019264514
2019264545
2019264576
2019264607
2019264638
2019264669
2019264700
2019264731
2019264762
2019264793
2019264824
2019264855
2019264886
2019264917
2019264948
2019264979
2019265010
2019265041
2019265072
2019265103
2019265134
2019265165
2019265196
2019265227
2019265258
2019265289
2019265320
2019265351
2019265382
2019265413
2019265444
2019265475
2019265506
2019265537
2019265568
2019265599
2019265630
2019265661
2019265692
2019265723
2019265754
2019265785
2019265816
2019265847
2019265878
2019265909
2019265940
2019265971
2019266002
2019266033
2019266064
2019266095
2019266126
2019266157
2019266188
2019266219
2019266250
2019266281
2019266312
2019266343
2019266374
2019266405
2019266436
2019266467
2019266498
2019266529
2019266560
2019266591
2019266622
2019266653
2019266684
2019266715
2019266746
2019266777
2019266808
2019266839
2019266870
2019266901
2019266932
2019266963
2019266994
2019267025
2019267056
2019267087
2019267118
2019267149
2019267180
2019267211
2019267242
2019267273
2019267304
2019267335
2019267366
2019267397
2019267428
2019267459
2019267490
2019267521
2019267552
2019267583
2019267614
2019267645
2019267676
2019267707
2019267738
2019267769
2019267800
2019267831
2019267862
2019267893
2019267924
2019267955
2019267986
2019268017
2019268048
2019268079
2019268110
2019268141
2019268172
2019268203
2019268234
2019268265
2019268296
2019268327
2019268358
2019268389
2019268420
2019268451
2019268482
2019268513
2019268544
2019268575
2019268606
2019268637
2019268668
2019268699
2019268730
2019268761
2019268792
2019268823
2019268854
2019268885
2019268916
2019268947
2019268978
2019269009
2019269040
2019269071
2019269102
2019269133
2019269164
2019269195
2019269226
2019269257
2019269288
2019269319
2019269350
2019269381
2019269412
2019269443
2019269474
2019269505
2019269536
2019269567
2019269598
2019269629
2019269660
2019269691
2019269722
2019269753
2019269784
2019269815
2019269846
2019269877
2019269908
2019269939
2019269970
2019270001
2019270032
2019270063
2019270094
2019270125
2019270156
2019270187
2019270218
2019270249
2019270280
2019270311
2019270342
2019270373
2019270404
2019270435
2019270466
2019270497
2019270528
2019270559
2019270590
2019270621
2019270652
2019270683
2019270714
2019270745
2019270776
2019270807
2019270838
2019270869
2019270900
2019270931
2019270962
2019270993
2019271024
2019271055
2019271086
2019271117
2019271148
2019271179
2019271210
2019271241
2019271272
2019271303
2019271334
2019271365
2019271396
2019271427
2019271458
2019271489
2019271520
2019271551
2019271582
2019271613
2019271644
2019271675
2019271706
2019271737
2019271768
2019271799
2019271830
2019271861
2019271892
2019271923
2019271954
2019271985
2019272016
2019272047
2019272078
2019272109
2019272140
2019272171
2019272202
2019272233
2019272264
2019272295
2019272326
2019272357
2019272388
2019272419
2019272450
2019272481
2019272512
2019272543
2019272574
2019272605
2019272636
2019272667
2019272698
2019272729
2019272760
2019272791
2019272822
2019272853
2019272884
2019272915
2019272946
2019272977
2019273008
2019273039
2019273070
2019273101
2019273132
2019273163
2019273194
2019273225
2019273256
2019273287
2019273318
2019273349
2019273380
2019273411
2019273442
2019273473
2019273504
2019273535
2019273566
2019273597
2019273628
2019273659
2019273690
2019273721
2019273752
2019273783
2019273814
2019273845
2019273876
2019273907
2019273938
2019273969
2019274000
2019274031
2019274062
2019274093
2019274124
2019274155
2019274186
2019274217
2019274248
2019274279
2019274310
2019274341
2019274372
2019274403
2019274434
2019274465
2019274496
2019274527
2019274558
2019274589
2019274620
2019274651
2019274682
2019274713
2019274744
2019274775
2019274806
2019274837
2019274868
2019274899
2019274930
2019274961
2019274992
2019275023
2019275054
2019275085
2019275116
2019275147
2019275178
2019275209
2019275240
2019275271
2019275302
2019275333
2019275364
2019275395
2019275426
2019275457
2019275488
2019275519
2019275550
2019275581
2019275612
2019275643
2019275674
2019275705
2019275736
2019275767
2019275798
2019275829
2019275860
2019275891
2019275922
2019275953
2019275984
2019276015
2019276046
2019276077
2019276108
2019276139
2019276170
2019276201
2019276232
2019276263
2019276294
2019276325
2019276356
2019276387
2019276418
2019276449
2019276480
2019276511
2019276542
2019276573
2019276604
2019276635
2019276666
2019276697
2019276728
2019276759
2019276790
2019276821
2019276852
2019276883
2019276914
2019276945
2019276976
2019277007
2019277038
2019277069
2019277100
2019277131
2019277162
2019277193
2019277224
2019277255
2019277286
2019277317
2019277348
2019277379
2019277410
2019277441
2019277472
2019277503
2019277534
2019277565
2019277596
2019277627
2019277658
2019277689
2019277720
2019277751
2019277782
2019277813
2019277844
2019277875
2019277906
2019277937
2019277968
2019277999
2019278030
2019278061
2019278092
2019278123
2019278154
2019278185
2019278216
2019278247
2019278278
2019278309
2019278340
2019278371
2019278402
2019278433
2019278464
2019278495
2019278526
2019278557
2019278588
2019278619
2019278650
2019278681
2019278712
2019278743
2019278774
2019278805
2019278836
2019278867
2019278898
2019278929
2019278960
2019278991
2019279022
2019279053
2019279084
2019279115
2019279146
2019279177
2019279208
2019279239
2019279270
2019279301
2019279332
2019279363
2019279394
2019279425
2019279456
2019279487
2019279518
2019279549
2019279580
2019279611
2019279642
2019279673
2019279704
2019279735
2019279766
2019279797
2019279828
2019279859
2019279890
2019279921
2019279952
2019279983
2019280014
2019280045
2019280076
2019280107
2019280138
2019280169
2019280200
2019280231
2019280262
2019280293
2019280324
2019280355
2019280386
2019280417
2019280448
2019280479
2019280510
2019280541
2019280572
2019280603
2019280634
2019280665
2019280696
2019280727
2019280758
2019280789
2019280820
2019280851
2019280882
2019280913
2019280944
2019280975
2019281006
2019281037
2019281068
2019281099
2019281130
2019281161
2019281192
2019281223
2019281254
2019281285
2019281316
2019281347
2019281378
2019281409
2019281440
2019281471
2019281502
2019281533
2019281564
2019281595
2019281626
2019281657
2019281688
2019281719
2019281750
2019281781
2019281812
2019281843
2019281874
2019281905
2019281936
2019281967
2019281998
2019282029
2019282060
2019282091
2019282122
2019282153
2019282184
