START
163481705
163481736
163481767
163481798
163481829
163481860
163481891
163481922
163481953
163481984
163482015
163482046
163482077
163482108
163482139
163482170
163482201
163482232
163482263
163482294
163482325
163482356
163482387
163482418
163482449
163482480
163482511
163482542
163482573
163482604
163482635
163482666
163482697
163482728
163482759
163482790
163482821
163482852
163482883
163482914
163482945
163482976
163483007
163483038
163483069
163483100
163483131
163483162
163483193
163483224
163483255
163483286
163483317
163483348
163483379
163483410
163483441
163483472
163483503
163483534
163483565
163483596
163483627
163483658
163483689
163483720
163483751
163483782
163483813
163483844
163483875
163483906
163483937
163483968
163483999
163484030
163484061
163484092
163484123
163484154
163484185
163484216
163484247
163484278
163484309
163484340
163484371
163484402
163484433
163484464
163484495
163484526
163484557
163484588
163484619
163484650
163484681
163484712
163484743
163484774
163484805
163484836
163484867
163484898
163484929
163484960
163484991
163485022
163485053
163485084
163485115
163485146
163485177
163485208
163485239
163485270
163485301
163485332
163485363
163485394
163485425
163485456
163485487
163485518
163485549
163485580
163485611
163485642
163485673
163485704
163485735
163485766
163485797
163485828
163485859
163485890
163485921
163485952
163485983
163486014
163486045
163486076
163486107
163486138
163486169
163486200
163486231
163486262
163486293
163486324
163486355
163486386
163486417
163486448
163486479
163486510
163486541
163486572
163486603
163486634
163486665
163486696
163486727
163486758
163486789
163486820
163486851
163486882
163486913
163486944
163486975
163487006
163487037
163487068
163487099
163487130
163487161
163487192
163487223
163487254
163487285
163487316
163487347
163487378
163487409
163487440
163487471
163487502
163487533
163487564
163487595
163487626
163487657
163487688
163487719
163487750
163487781
163487812
163487843
163487874
163487905
163487936
163487967
163487998
163488029
163488060
163488091
163488122
163488153
163488184
163488215
163488246
163488277
163488308
163488339
163488370
163488401
163488432
163488463
163488494
163488525
163488556
163488587
163488618
163488649
163488680
163488711
163488742
163488773
163488804
163488835
163488866
163488897
163488928
163488959
163488990
163489021
163489052
163489083
163489114
163489145
163489176
163489207
163489238
163489269
163489300
163489331
163489362
163489393
163489424
163489455
163489486
163489517
163489548
163489579
163489610
163489641
163489672
163489703
163489734
163489765
163489796
163489827
163489858
163489889
163489920
163489951
163489982
163490013
163490044
163490075
163490106
163490137
163490168
163490199
163490230
163490261
163490292
163490323
163490354
163490385
163490416
163490447
163490478
163490509
163490540
163490571
163490602
163490633
163490664
163490695
163490726
163490757
163490788
163490819
163490850
163490881
163490912
163490943
163490974
163491005
163491036
163491067
163491098
163491129
163491160
163491191
163491222
163491253
163491284
163491315
163491346
163491377
163491408
163491439
163491470
163491501
163491532
163491563
163491594
163491625
163491656
163491687
163491718
163491749
163491780
163491811
163491842
163491873
163491904
163491935
163491966
163491997
163492028
163492059
163492090
163492121
163492152
163492183
163492214
163492245
163492276
163492307
163492338
163492369
163492400
163492431
163492462
163492493
163492524
163492555
163492586
163492617
163492648
163492679
163492710
163492741
163492772
163492803
163492834
163492865
163492896
163492927
163492958
163492989
163493020
163493051
163493082
163493113
163493144
163493175
163493206
163493237
163493268
163493299
163493330
163493361
163493392
163493423
163493454
163493485
163493516
163493547
163493578
163493609
163493640
163493671
163493702
163493733
163493764
163493795
163493826
163493857
163493888
163493919
163493950
163493981
163494012
163494043
163494074
163494105
163494136
163494167
163494198
163494229
163494260
163494291
163494322
163494353
163494384
163494415
163494446
163494477
163494508
163494539
163494570
163494601
163494632
163494663
163494694
163494725
163494756
163494787
163494818
163494849
163494880
163494911
163494942
163494973
163495004
163495035
163495066
163495097
163495128
163495159
163495190
163495221
163495252
163495283
163495314
163495345
163495376
163495407
163495438
163495469
163495500
163495531
163495562
163495593
163495624
163495655
163495686
163495717
163495748
163495779
163495810
163495841
163495872
163495903
163495934
163495965
163495996
163496027
163496058
163496089
163496120
163496151
163496182
163496213
163496244
163496275
163496306
163496337
163496368
163496399
163496430
163496461
163496492
163496523
163496554
163496585
163496616
163496647
163496678
163496709
163496740
163496771
163496802
163496833
163496864
163496895
163496926
163496957
163496988
163497019
163497050
163497081
163497112
163497143
163497174
163497205
163497236
163497267
163497298
163497329
163497360
163497391
163497422
163497453
163497484
163497515
163497546
163497577
163497608
163497639
163497670
163497701
163497732
163497763
163497794
163497825
163497856
163497887
163497918
163497949
163497980
163498011
163498042
163498073
163498104
163498135
163498166
163498197
163498228
163498259
163498290
163498321
163498352
163498383
163498414
163498445
163498476
163498507
163498538
163498569
163498600
163498631
163498662
163498693
163498724
163498755
163498786
163498817
163498848
163498879
163498910
163620647
163620678
163620709
163620740
163620771
163620802
163620833
163620864
163620895
163620926
163620957
163620988
163621019
163621050
163621081
163621112
163621143
163621174
163621205
163621236
163621267
163621298
163621329
163621360
163621391
163621422
163621453
163621484
163621515
163621546
163621577
163621608
163621639
163621670
163621701
163621732
163621763
163621794
163621825
163621856
163621887
163621918
163621949
163621980
163622011
163622042
163622073
163622104
163622135
163622166
163622197
163622228
163622259
163622290
163622321
163622352
163622383
163622414
163622445
163622476
163622507
163622538
163622569
163622600
163622631
163622662
163622693
163622724
163622755
163622786
163622817
163622848
163622879
163622910
163622941
163622972
163623003
163623034
163623065
163623096
163623127
163623158
163623189
163623220
163623251
163623282
163623313
163623344
163623375
163623406
163623437
163623468
163623499
163623530
163623561
163623592
163623623
163623654
163623685
163623716
163623747
163623778
163623809
163623840
163623871
163623902
163623933
163623964
163623995
163624026
163624057
163624088
163624119
163624150
163624181
163624212
163624243
163624274
163624305
163624336
163624367
163624398
163624429
163624460
163624491
163624522
163624553
163624584
163624615
163624646
163624677
163624708
163624739
163624770
163624801
163624832
163624863
163624894
163624925
163624956
163624987
163625018
163625049
163625080
163625111
163625142
163625173
163625204
163625235
163625266
163625297
163625328
163625359
163625390
163625421
163625452
163625483
163625514
163625545
163625576
163625607
163625638
163625669
163625700
163625731
163625762
163625793
163625824
163625855
163625886
163625917
163625948
163625979
163626010
163626041
163626072
163626103
163626134
163626165
163626196
163626227
163626258
163626289
163626320
163626351
163626382
163626413
163626444
163626475
163626506
163626537
163626568
163626599
163626630
163626661
163626692
163626723
163626754
163626785
163626816
163626847
163626878
163626909
163626940
163626971
163627002
163627033
163627064
163627095
163627126
163627157
163627188
163627219
163627250
163627281
163627312
163627343
163627374
163627405
163627436
163627467
163627498
163627529
163627560
163627591
163627622
163627653
163627684
163627715
163627746
163627777
163627808
163627839
163627870
163627901
163627932
163627963
163627994
163628025
163628056
163628087
163628118
163628149
163628180
163628211
163628242
163628273
163628304
163628335
163628366
163628397
163628428
163628459
163628490
163628521
163628552
163628583
163628614
163628645
163628676
163628707
163628738
163628769
163628800
163628831
163628862
163628893
163628924
163628955
163628986
163629017
163629048
163629079
163629110
163629141
163629172
163629203
163629234
163629265
163629296
163629327
163629358
163629389
163629420
163629451
163629482
163629513
163629544
163629575
163629606
163629637
163629668
163629699
163629730
163629761
163629792
163629823
163629854
163629885
163629916
163629947
163629978
163630009
163630040
163630071
163630102
163630133
163630164
163630195
163630226
163630257
163630288
163630319
163630350
163630381
163630412
163630443
163630474
163630505
163630536
163630567
163630598
163630629
163630660
163630691
163630722
163630753
163630784
163630815
163630846
163630877
163630908
163630939
163630970
163631001
163631032
163631063
163631094
163631125
163631156
163631187
163631218
163631249
163631280
163631311
163631342
163631373
163631404
163631435
163631466
163631497
163631528
163631559
163631590
163631621
163631652
163631683
163631714
163631745
163631776
163631807
163631838
163631869
163631900
163631931
163631962
163631993
163632024
163632055
163632086
163632117
163632148
163632179
163632210
163632241
163632272
163632303
163632334
163632365
163632396
163632427
163632458
163632489
163632520
163632551
163632582
163632613
163632644
163632675
163632706
163632737
163632768
163632799
163632830
163632861
163632892
163632923
163632954
163632985
163633016
163633047
163633078
163633109
163633140
163633171
163633202
163633233
163633264
163633295
163633326
163633357
163633388
163633419
163633450
163633481
163633512
163633543
163633574
163633605
163633636
163633667
163633698
163633729
163633760
163633791
163633822
163633853
163633884
163633915
163633946
163633977
163634008
163634039
163634070
163634101
163634132
163634163
163634194
163634225
163634256
163634287
163634318
163634349
163634380
163634411
163634442
163634473
163634504
163634535
163634566
163634597
163634628
163634659
163634690
163634721
163634752
163634783
163634814
163634845
163634876
163634907
163634938
163634969
163635000
163635031
163635062
163635093
163635124
163635155
163635186
163635217
163635248
163635279
163635310
163635341
163635372
163635403
163635434
163635465
163635496
163635527
163635558
163635589
163635620
163635651
163635682
163635713
163635744
163635775
163635806
163635837
163635868
163635899
163635930
163635961
163635992
163636023
163636054
163636085
163636116
163636147
163636178
163636209
163636240
163636271
163636302
163636333
163636364
163636395
163636426
163636457
163636488
163636519
163636550
163636581
163636612
163636643
163748987
163749018
163749049
163749080
163749111
163749142
163749173
163749204
163749235
163749266
163749297
163749328
163749359
163749390
163749421
163749452
163749483
163749514
163749545
163749576
163749607
163749638
163749669
163749700
163749731
163749762
163749793
163749824
163749855
163749886
163749917
163749948
163749979
163750010
163750041
163750072
163750103
163750134
163750165
163750196
163750227
163750258
163750289
163750320
163750351
163750382
163750413
163750444
163750475
163750506
163750537
163750568
163750599
163750630
163750661
163750692
163750723
163750754
163750785
163750816
163750847
163750878
163750909
163750940
163750971
163751002
163751033
163751064
163751095
163751126
163751157
163751188
163751219
163751250
163751281
163751312
163751343
163751374
163751405
163751436
163751467
163751498
163751529
163751560
163751591
163751622
163751653
163751684
163751715
163751746
163751777
163751808
163751839
163751870
163751901
163751932
163751963
163751994
163752025
163752056
163752087
163752118
163752149
163752180
163752211
163752242
163752273
163752304
163752335
163752366
163752397
163752428
163752459
163752490
163752521
163752552
163752583
163752614
163752645
163752676
163752707
163752738
163752769
163752800
163752831
163752862
163752893
163752924
163752955
163752986
163753017
163753048
163753079
163753110
163753141
163753172
163753203
163753234
163753265
163753296
163753327
163753358
163753389
163753420
163753451
163753482
163753513
163753544
163753575
163753606
163753637
163753668
163753699
163753730
163753761
163753792
163753823
163753854
163753885
163753916
163753947
163753978
163754009
163754040
163754071
163754102
163754133
163754164
163754195
163754226
163754257
163754288
163754319
163754350
163754381
163754412
163754443
163754474
163754505
163754536
163754567
163754598
163754629
163754660
163754691
163754722
163754753
163754784
163754815
163754846
163754877
163754908
163754939
163754970
163755001
163755032
163755063
163755094
163755125
163755156
163755187
163755218
163755249
163755280
163755311
163755342
163755373
163755404
163755435
163755466
163755497
163755528
163755559
163755590
163755621
163755652
163755683
163755714
163755745
163755776
163755807
163755838
163755869
163755900
163755931
163755962
163755993
163756024
163756055
163756086
163756117
163756148
163756179
163756210
163756241
163756272
163756303
163756334
163756365
163756396
163756427
163756458
163756489
163756520
163756551
163756582
163756613
163756644
163756675
163756706
163756737
163756768
163756799
163756830
163756861
163756892
163756923
163756954
163756985
163757016
163757047
163757078
163757109
163757140
163757171
163757202
163757233
163757264
163757295
163757326
163757357
163757388
163757419
163757450
163757481
163757512
163757543
163757574
163757605
163757636
163757667
163757698
163757729
163757760
163757791
163757822
163757853
163757884
163757915
163757946
163757977
163758008
163758039
163758070
163758101
163758132
163758163
163758194
163758225
163758256
163758287
163758318
163758349
163758380
163758411
163758442
163758473
163758504
163758535
163758566
163758597
163758628
163758659
163758690
163758721
163758752
163758783
163758814
163758845
163758876
163758907
163758938
163758969
163759000
163759031
163759062
163759093
163759124
163759155
163759186
163759217
163759248
163759279
163759310
163759341
163759372
163759403
163759434
163759465
163759496
163759527
163759558
163759589
163759620
163759651
163759682
163759713
163759744
163759775
163759806
163759837
163759868
163759899
163759930
163759961
163759992
163760023
163760054
163760085
163760116
163760147
163760178
163760209
163760240
163760271
163760302
163760333
163760364
163760395
163760426
163760457
163760488
163760519
163760550
163760581
163760612
163760643
163760674
163760705
163760736
163760767
163760798
163760829
163760860
163760891
163760922
163760953
163760984
163761015
163761046
163761077
163761108
163761139
163761170
163761201
163761232
163761263
163761294
163761325
163761356
163761387
163761418
163761449
163761480
163761511
163761542
163761573
163761604
163761635
163761666
163761697
163761728
163761759
163761790
163761821
163761852
163761883
163761914
163761945
163761976
163762007
163762038
163762069
163762100
163762131
163762162
163762193
163762224
163762255
163762286
163762317
163762348
163762379
163762410
163762441
163762472
163762503
163762534
163762565
163762596
163762627
163762658
163762689
163762720
163762751
163762782
163762813
163762844
163762875
163762906
163762937
163762968
163762999
163763030
163763061
163763092
163763123
163763154
163763185
163763216
163763247
163763278
163763309
163763340
163763371
163763402
163763433
163763464
163763495
163763526
163763557
163763588
163763619
163763650
163763681
163763712
163763743
163763774
163763805
163763836
163763867
163763898
163763929
163763960
163763991
163764022
163764053
163764084
163764115
163764146
163764177
163764208
163764239
163764270
163764301
163764332
163764363
163764394
163764425
163764456
163764487
163764518
163764549
163764580
163764611
163764642
163764673
163764704
163764735
163764766
163764797
163764828
163764859
163764890
163764921
163764952
163764983
163765014
163765045
163765076
163765107
163765138
163765169
163765200
163765231
163765262
163765293
163765324
163765355
163765386
163765417
163765448
163765479
163765510
163765541
163765572
163765603
163765634
163765665
163765696
163765727
163765758
163765789
163765820
163765851
163765882
163891339
163891370
163891401
163891432
163891463
163891494
163891525
163891556
163891587
163891618
163891649
163891680
163891711
163891742
163891773
163891804
163891835
163891866
163891897
163891928
163891959
163891990
163892021
163892052
163892083
163892114
163892145
163892176
163892207
163892238
163892269
163892300
163892331
163892362
163892393
163892424
163892455
163892486
163892517
163892548
163892579
163892610
163892641
163892672
163892703
163892734
163892765
163892796
163892827
163892858
163892889
163892920
163892951
163892982
163893013
163893044
163893075
163893106
163893137
163893168
163893199
163893230
163893261
163893292
163893323
163893354
163893385
163893416
163893447
163893478
163893509
163893540
163893571
163893602
163893633
163893664
163893695
163893726
163893757
163893788
163893819
163893850
163893881
163893912
163893943
163893974
163894005
163894036
163894067
163894098
163894129
163894160
163894191
163894222
163894253
163894284
163894315
163894346
163894377
163894408
163894439
163894470
163894501
163894532
163894563
163894594
163894625
163894656
163894687
163894718
163894749
163894780
163894811
163894842
163894873
163894904
163894935
163894966
163894997
163895028
163895059
163895090
163895121
163895152
163895183
163895214
163895245
163895276
163895307
163895338
163895369
163895400
163895431
163895462
163895493
163895524
163895555
163895586
163895617
163895648
163895679
163895710
163895741
163895772
163895803
163895834
163895865
163895896
163895927
163895958
163895989
163896020
163896051
163896082
163896113
163896144
163896175
163896206
163896237
163896268
163896299
163896330
163896361
163896392
163896423
163896454
163896485
163896516
163896547
163896578
163896609
163896640
163896671
163896702
163896733
163896764
163896795
163896826
163896857
163896888
163896919
163896950
163896981
163897012
163897043
163897074
163897105
163897136
163897167
163897198
163897229
163897260
163897291
163897322
163897353
163897384
163897415
163897446
163897477
163897508
163897539
163897570
163897601
163897632
163897663
163897694
163897725
163897756
163897787
163897818
163897849
163897880
163897911
163897942
163897973
163898004
163898035
163898066
163898097
163898128
163898159
163898190
163898221
163898252
163898283
163898314
163898345
163898376
163898407
163898438
163898469
163898500
163898531
163898562
163898593
163898624
163898655
163898686
163898717
163898748
163898779
163898810
163898841
163898872
163898903
163898934
163898965
163898996
163899027
163899058
163899089
163899120
163899151
163899182
163899213
163899244
163899275
163899306
163899337
163899368
163899399
163899430
163899461
163899492
163899523
163899554
163899585
163899616
163899647
163899678
163899709
163899740
163899771
163899802
163899833
163899864
163899895
163899926
163899957
163899988
163900019
163900050
163900081
163900112
163900143
163900174
163900205
163900236
163900267
163900298
163900329
163900360
163900391
163900422
163900453
163900484
163900515
163900546
163900577
163900608
163900639
163900670
163900701
163900732
163900763
163900794
163900825
163900856
163900887
163900918
163900949
163900980
163901011
163901042
163901073
163901104
163901135
163901166
163901197
163901228
163901259
163901290
163901321
163901352
163901383
163901414
163901445
163901476
163901507
163901538
163901569
163901600
163901631
163901662
163901693
163901724
163901755
163901786
163901817
163901848
163901879
163901910
163901941
163901972
163902003
163902034
163902065
163902096
163902127
163902158
163902189
163902220
163902251
163902282
163902313
163902344
163902375
163902406
163902437
163902468
163902499
163902530
163902561
163902592
163902623
163902654
163902685
163902716
163902747
163902778
163902809
163902840
163902871
163902902
163902933
163902964
163902995
163903026
163903057
163903088
163903119
163903150
163903181
163903212
163903243
163903274
163903305
163903336
163903367
163903398
163903429
163903460
163903491
163903522
163903553
163903584
163903615
163903646
163903677
163903708
163903739
163903770
163903801
163903832
163903863
163903894
163903925
163903956
163903987
163904018
163904049
163904080
163904111
163904142
163904173
163904204
163904235
163904266
163904297
163904328
163904359
163904390
163904421
163904452
163904483
163904514
163904545
163904576
163904607
163904638
163904669
163904700
163904731
163904762
163904793
163904824
163904855
163904886
163904917
163904948
163904979
163905010
163905041
163905072
163905103
163905134
163905165
163905196
163905227
163905258
163905289
163905320
163905351
163905382
163905413
163905444
163905475
163905506
163905537
163905568
163905599
163905630
163905661
163905692
163905723
163905754
163905785
163905816
163905847
163905878
163905909
163905940
163905971
163906002
163906033
163906064
163906095
163906126
163906157
163906188
163906219
163906250
163906281
163906312
163906343
163906374
163906405
163906436
163906467
163906498
163906529
163906560
163906591
163906622
163906653
163906684
163906715
163906746
163906777
163906808
163906839
163906870
163906901
163906932
163906963
163906994
163907025
163907056
163907087
163907118
163907149
163907180
163907211
163907242
163907273
163907304
163907335
163907366
163907397
163907428
163907459
163907490
163907521
163907552
163907583
163907614
163907645
163907676
163907707
163907738
163907769
163907800
163907831
163907862
163907893
163907924
163907955
163907986
163908017
163908048
163908079
163908110
163908141
163908172
163908203
163908234
163908265
163908296
163908327
163908358
163908389
163908420
163908451
163908482
163908513
163908544
163908575
163908606
163908637
163908668
163908699
163908730
163908761
163908792
163908823
163908854
163908885
163908916
163908947
163908978
163909009
163909040
163909071
163909102
163909133
163909164
163909195
163909226
163909257
163909288
163909319
163909350
163909381
163909412
163909443
163909474
163909505
163909536
163909567
163909598
163909629
163909660
163909691
163909722
163909753
163909784
163909815
163909846
163909877
163909908
163909939
163909970
163910001
163910032
163910063
164059080
164059111
164059142
164059173
164059204
164059235
164059266
164059297
164059328
164059359
164059390
164059421
164059452
164059483
164059514
164059545
164059576
164059607
164059638
164059669
164059700
164059731
164059762
164059793
164059824
164059855
164059886
164059917
164059948
164059979
164060010
164060041
164060072
164060103
164060134
164060165
164060196
164060227
164060258
164060289
164060320
164060351
164060382
164060413
164060444
164060475
164060506
164060537
164060568
164060599
164060630
164060661
164060692
164060723
164060754
164060785
164060816
164060847
164060878
164060909
164060940
164060971
164061002
164061033
164061064
164061095
164061126
164061157
164061188
164061219
164061250
164061281
164061312
164061343
164061374
164061405
164061436
164061467
164061498
164061529
164061560
164061591
164061622
164061653
164061684
164061715
164061746
164061777
164061808
164061839
164061870
164061901
164061932
164061963
164061994
164062025
164062056
164062087
164062118
164062149
164062180
164062211
164062242
164062273
164062304
164062335
164062366
164062397
164062428
164062459
164062490
164062521
164062552
164062583
164062614
164062645
164062676
164062707
164062738
164062769
164062800
164062831
164062862
164062893
164062924
164062955
164062986
164063017
164063048
164063079
164063110
164063141
164063172
164063203
164063234
164063265
164063296
164063327
164063358
164063389
164063420
164063451
164063482
164063513
164063544
164063575
164063606
164063637
164063668
164063699
164063730
164063761
164063792
164063823
164063854
164063885
164063916
164063947
164063978
164064009
164064040
164064071
164064102
164064133
164064164
164064195
164064226
164064257
164064288
164064319
164064350
164064381
164064412
164064443
164064474
164064505
164064536
164064567
164064598
164064629
164064660
164064691
164064722
164064753
164064784
164064815
164064846
164064877
164064908
164064939
164064970
164065001
164065032
164065063
164065094
164065125
164065156
164065187
164065218
164065249
164065280
164065311
164065342
164065373
164065404
164065435
164065466
164065497
164065528
164065559
164065590
164065621
164065652
164065683
164065714
164065745
164065776
164065807
164065838
164065869
164065900
164065931
164065962
164065993
164066024
164066055
164066086
164066117
164066148
164066179
164066210
164066241
164066272
164066303
164066334
164066365
164066396
164066427
164066458
164066489
164066520
164066551
164066582
164066613
164066644
164066675
164066706
164066737
164066768
164066799
164066830
164066861
164066892
164066923
164066954
164066985
164067016
164067047
164067078
164067109
164067140
164067171
164067202
164067233
164067264
164067295
164067326
164067357
164067388
164067419
164067450
164067481
164067512
164067543
164067574
164067605
164067636
164067667
164067698
164067729
164067760
164067791
164067822
164067853
164067884
164067915
164067946
164067977
164068008
164068039
164068070
164068101
164068132
164068163
164068194
164068225
164068256
164068287
164068318
164068349
164068380
164068411
164068442
164068473
164068504
164068535
164068566
164068597
164068628
164068659
164068690
164068721
164068752
164068783
164068814
164068845
164068876
164068907
164068938
164068969
164069000
164069031
164069062
164069093
164069124
164069155
164069186
164069217
164069248
164069279
164069310
164069341
164069372
164069403
164069434
164069465
164069496
164069527
164069558
164069589
164069620
164069651
164069682
164069713
164069744
164069775
164069806
164069837
164069868
164069899
164069930
164069961
164069992
164070023
164070054
164070085
164070116
164070147
164070178
164070209
164070240
164070271
164070302
164070333
164070364
164070395
164070426
164070457
164070488
164070519
164070550
164070581
164070612
164070643
164070674
164070705
164070736
164070767
164070798
164070829
164070860
164070891
164070922
164070953
164070984
164071015
164071046
164071077
164071108
164071139
164071170
164071201
164071232
164071263
164071294
164071325
164071356
164071387
164071418
164071449
164071480
164071511
164071542
164071573
164071604
164071635
164071666
164071697
164071728
164071759
164071790
164071821
164071852
164071883
164071914
164071945
164071976
164072007
164072038
164072069
164072100
164072131
164072162
164072193
164072224
164072255
164072286
164072317
164072348
164072379
164072410
164072441
164072472
164072503
164072534
164072565
164072596
164072627
164072658
164072689
164072720
164072751
164072782
164072813
164072844
164072875
164072906
164072937
164072968
164072999
164073030
164073061
164073092
164073123
164073154
164073185
164073216
164073247
164073278
164073309
164073340
164073371
164073402
164073433
164073464
164073495
164073526
164073557
164073588
164073619
164073650
164073681
164073712
164073743
164073774
164073805
164073836
164073867
164073898
164073929
164073960
164073991
164074022
164074053
164074084
164074115
164074146
164074177
164074208
164074239
164074270
164074301
164074332
164074363
164074394
164074425
164074456
164074487
164074518
164074549
164074580
164074611
164074642
164074673
164074704
164074735
164074766
164074797
164074828
164074859
164074890
164074921
164074952
164074983
164075014
164075045
164075076
164075107
164075138
164075169
164075200
164075231
164075262
164075293
164075324
164075355
164075386
164075417
164075448
164075479
164075510
164075541
164075572
164075603
164075634
164075665
164075696
164075727
164075758
164075789
164075820
164075851
164075882
164075913
164075944
164075975
164076006
164076037
164076068
164076099
164076130
164076161
164076192
164076223
164076254
164076285
164076316
164076347
164076378
164076409
164076440
164076471
164076502
164076533
164076564
164076595
164076626
164076657
164076688
164076719
164076750
164076781
164076812
164076843
164076874
164076905
164076936
164076967
164076998
164077029
164077060
164077091
164077122
164077153
164077184
164077215
164077246
164077277
164077308
164077339
164077370
164077401
164077432
164077463
164077494
164077525
164077556
164077587
164077618
164077649
164077680
164077711
164077742
164077773
164077804
164077835
164077866
164077897
164077928
164077959
164077990
164078021
164078052
164078083
164078114
164078145
164078176
164078207
164078238
164078269
164078300
164078331
164078362
164078393
164078424
164078455
164078486
164078517
164078548
164078579
164078610
164078641
164078672
164078703
164078734
164078765
164078796
164078827
164078858
164078889
164078920
164078951
164078982
164079013
164079044
164079075
164079106
164079137
164079168
164079199
164079230
164079261
164079292
164079323
164079354
164079385
164079416
164079447
164079478
164079509
164231843
164231874
164231905
164231936
164231967
164231998
164232029
164232060
164232091
164232122
164232153
164232184
164232215
164232246
164232277
164232308
164232339
164232370
164232401
164232432
164232463
164232494
164232525
164232556
164232587
164232618
164232649
164232680
164232711
164232742
164232773
164232804
164232835
164232866
164232897
164232928
164232959
164232990
164233021
164233052
164233083
164233114
164233145
164233176
164233207
164233238
164233269
164233300
164233331
164233362
164233393
164233424
164233455
164233486
164233517
164233548
164233579
164233610
164233641
164233672
164233703
164233734
164233765
164233796
164233827
164233858
164233889
164233920
164233951
164233982
164234013
164234044
164234075
164234106
164234137
164234168
164234199
164234230
164234261
164234292
164234323
164234354
164234385
164234416
164234447
164234478
164234509
164234540
164234571
164234602
164234633
164234664
164234695
164234726
164234757
164234788
164234819
164234850
164234881
164234912
164234943
164234974
164235005
164235036
164235067
164235098
164235129
164235160
164235191
164235222
164235253
164235284
164235315
164235346
164235377
164235408
164235439
164235470
164235501
164235532
164235563
164235594
164235625
164235656
164235687
164235718
164235749
164235780
164235811
164235842
164235873
164235904
164235935
164235966
164235997
164236028
164236059
164236090
164236121
164236152
164236183
164236214
164236245
164236276
164236307
164236338
164236369
164236400
164236431
164236462
164236493
164236524
164236555
164236586
164236617
164236648
164236679
164236710
164236741
164236772
164236803
164236834
164236865
164236896
164236927
164236958
164236989
164237020
164237051
164237082
164237113
164237144
164237175
164237206
164237237
164237268
164237299
164237330
164237361
164237392
164237423
164237454
164237485
164237516
164237547
164237578
164237609
164237640
164237671
164237702
164237733
164237764
164237795
164237826
164237857
164237888
164237919
164237950
164237981
164238012
164238043
164238074
164238105
164238136
164238167
164238198
164238229
164238260
164238291
164238322
164238353
164238384
164238415
164238446
164238477
164238508
164238539
164238570
164238601
164238632
164238663
164238694
164238725
164238756
164238787
164238818
164238849
164238880
164238911
164238942
164238973
164239004
164239035
164239066
164239097
164239128
164239159
164239190
164239221
164239252
164239283
164239314
164239345
164239376
164239407
164239438
164239469
164239500
164239531
164239562
164239593
164239624
164239655
164239686
164239717
164239748
164239779
164239810
164239841
164239872
164239903
164239934
164239965
164239996
164240027
164240058
164240089
164240120
164240151
164240182
164240213
164240244
164240275
164240306
164240337
164240368
164240399
164240430
164240461
164240492
164240523
164240554
164240585
164240616
164240647
164240678
164240709
164240740
164240771
164240802
164240833
164240864
164240895
164240926
164240957
164240988
164241019
164241050
164241081
164241112
164241143
164241174
164241205
164241236
164241267
164241298
164241329
164241360
164241391
164241422
164241453
164241484
164241515
164241546
164241577
164241608
164241639
164241670
164241701
164241732
164241763
164241794
164241825
164241856
164241887
164241918
164241949
164241980
164242011
164242042
164242073
164242104
164242135
164242166
164242197
164242228
164242259
164242290
164242321
164242352
164242383
164242414
164242445
164242476
164242507
164242538
164242569
164242600
164242631
164242662
164242693
164242724
164242755
164242786
164242817
164242848
164242879
164242910
164242941
164242972
164243003
164243034
164243065
164243096
164243127
164243158
164243189
164243220
164243251
164243282
164243313
164243344
164243375
164243406
164243437
164243468
164243499
164243530
164243561
164243592
164243623
164243654
164243685
164243716
164243747
164243778
164243809
164243840
164243871
164243902
164243933
164243964
164243995
164244026
164244057
164244088
164244119
164244150
164244181
164244212
164244243
164244274
164244305
164244336
164244367
164244398
164244429
164244460
164244491
164244522
164244553
164244584
164244615
164244646
164244677
164244708
164244739
164244770
164244801
164244832
164244863
164244894
164244925
164244956
164244987
164245018
164245049
164245080
164245111
164245142
164245173
164245204
164245235
164245266
164245297
164245328
164245359
164245390
164245421
164245452
164245483
164245514
164245545
164245576
164245607
164245638
164245669
164245700
164245731
164245762
164245793
164245824
164245855
164245886
164245917
164245948
164245979
164246010
164246041
164246072
164246103
164246134
164246165
164246196
164246227
164246258
164246289
164246320
164246351
164246382
164246413
164246444
164246475
164246506
164246537
164246568
164246599
164246630
164246661
164246692
164246723
164246754
164246785
164246816
164246847
164246878
164246909
164246940
164246971
164247002
164247033
164247064
164247095
164247126
164247157
164247188
164247219
164247250
164247281
164247312
164247343
164247374
164247405
164247436
164247467
164247498
164247529
164247560
164247591
164247622
164247653
164247684
164247715
164247746
164247777
164247808
164247839
164247870
164247901
164247932
164247963
164247994
164248025
164248056
164248087
164248118
164248149
164248180
164248211
164248242
164248273
164248304
164248335
164248366
164248397
164248428
164248459
164248490
164248521
164248552
164248583
164248614
164248645
164248676
164248707
164248738
164248769
164248800
164248831
164248862
164248893
164248924
164248955
164248986
164249017
164249048
164249079
164249110
164249141
164249172
164249203
164249234
164249265
164249296
164249327
164249358
164249389
164249420
164249451
164249482
164249513
164249544
164249575
164249606
164249637
164249668
164249699
164249730
164249761
164249792
164249823
164249854
164249885
164249916
164249947
164249978
164250009
164250040
164250071
164250102
164250133
164250164
164250195
164250226
164250257
164250288
164250319
164250350
164250381
164250412
164250443
164250474
164250505
164250536
164250567
164250598
164250629
164250660
164250691
164250722
164250753
164250784
164250815
164250846
164250877
164250908
164250939
164250970
164251001
164251032
164251063
164251094
164251125
164251156
164251187
164251218
164251249
164251280
164251311
164251342
164251373
164251404
164251435
164251466
164251497
164251528
164251559
164251590
164251621
164251652
164251683
164251714
164251745
164251776
164251807
164251838
164251869
164251900
164251931
164251962
164251993
164252024
164252055
164252086
164252117
164252148
164252179
164252210
164252241
164252272
164252303
164252334
164252365
164252396
164252427
164252458
164252489
164252520
164252551
164252582
164252613
164252644
164252675
164252706
164252737
164252768
164252799
164252830
164252861
164252892
164252923
164252954
164252985
164253016
164253047
164253078
164253109
164253140
164253171
164253202
164253233
164253264
164253295
164253326
164253357
164253388
164253419
164253450
164253481
164253512
164253543
164253574
164253605
164253636
164253667
164253698
164253729
164253760
164253791
164253822
164253853
164253884
164253915
164253946
164253977
164254008
164254039
164254070
164254101
164254132
164254163
164254194
164254225
164254256
164254287
164254318
164254349
164254380
164254411
164254442
164254473
164254504
164254535
164254566
164254597
164254628
164254659
164254690
164254721
164254752
164254783
164254814
164254845
164254876
164254907
164254938
164254969
164255000
164255031
164255062
164255093
164255124
164255155
164255186
164255217
164255248
164255279
164255310
164255341
164255372
164422865
164422896
164422927
164422958
164422989
164423020
164423051
164423082
164423113
164423144
164423175
164423206
164423237
164423268
164423299
164423330
164423361
164423392
164423423
164423454
164423485
164423516
164423547
164423578
164423609
164423640
164423671
164423702
164423733
164423764
164423795
164423826
164423857
164423888
164423919
164423950
164423981
164424012
164424043
164424074
164424105
164424136
164424167
164424198
164424229
164424260
164424291
164424322
164424353
164424384
164424415
164424446
164424477
164424508
164424539
164424570
164424601
164424632
164424663
164424694
164424725
164424756
164424787
164424818
164424849
164424880
164424911
164424942
164424973
164425004
164425035
164425066
164425097
164425128
164425159
164425190
164425221
164425252
164425283
164425314
164425345
164425376
164425407
164425438
164425469
164425500
164425531
164425562
164425593
164425624
164425655
164425686
164425717
164425748
164425779
164425810
164425841
164425872
164425903
164425934
164425965
164425996
164426027
164426058
164426089
164426120
164426151
164426182
164426213
164426244
164426275
164426306
164426337
164426368
164426399
164426430
164426461
164426492
164426523
164426554
164426585
164426616
164426647
164426678
164426709
164426740
164426771
164426802
164426833
164426864
164426895
164426926
164426957
164426988
164427019
164427050
164427081
164427112
164427143
164427174
164427205
164427236
164427267
164427298
164427329
164427360
164427391
164427422
164427453
164427484
164427515
164427546
164427577
164427608
164427639
164427670
164427701
164427732
164427763
164427794
164427825
164427856
164427887
164427918
164427949
164427980
164428011
164428042
164428073
164428104
164428135
164428166
164428197
164428228
164428259
164428290
164428321
164428352
164428383
164428414
164428445
164428476
164428507
164428538
164428569
164428600
164428631
164428662
164428693
164428724
164428755
164428786
164428817
164428848
164428879
164428910
164428941
164428972
164429003
164429034
164429065
164429096
164429127
164429158
164429189
164429220
164429251
164429282
164429313
164429344
164429375
164429406
164429437
164429468
164429499
164429530
164429561
164429592
164429623
164429654
164429685
164429716
164429747
164429778
164429809
164429840
164429871
164429902
164429933
164429964
164429995
164430026
164430057
164430088
164430119
164430150
164430181
164430212
164430243
164430274
164430305
164430336
164430367
164430398
164430429
164430460
164430491
164430522
164430553
164430584
164430615
164430646
164430677
164430708
164430739
164430770
164430801
164430832
164430863
164430894
164430925
164430956
164430987
164431018
164431049
164431080
164431111
164431142
164431173
164431204
164431235
164431266
164431297
164431328
164431359
164431390
164431421
164431452
164431483
164431514
164431545
164431576
164431607
164431638
164431669
164431700
164431731
164431762
164431793
164431824
164431855
164431886
164431917
164431948
164431979
164432010
164432041
164432072
164432103
164432134
164432165
164432196
164432227
164432258
164432289
164432320
164432351
164432382
164432413
164432444
164432475
164432506
164432537
164432568
164432599
164432630
164432661
164432692
164432723
164432754
164432785
164432816
164432847
164432878
164432909
164432940
164432971
164433002
164433033
164433064
164433095
164433126
164433157
164433188
164433219
164433250
164433281
164433312
164433343
164433374
164433405
164433436
164433467
164433498
164433529
164433560
164433591
164433622
164433653
164433684
164433715
164433746
164433777
164433808
164433839
164433870
164433901
164433932
164433963
164433994
164434025
164434056
164434087
164434118
164434149
164434180
164434211
164434242
164434273
164434304
164434335
164434366
164434397
164434428
164434459
164434490
164434521
164434552
164434583
164434614
164434645
164434676
164434707
164434738
164434769
164434800
164434831
164434862
164434893
164434924
164434955
164434986
164435017
164435048
164435079
164435110
164435141
164435172
164435203
164435234
164435265
164435296
164435327
164435358
164435389
164435420
164435451
164435482
164435513
164435544
164435575
164435606
164435637
164435668
164435699
164435730
164435761
164435792
164435823
164435854
164435885
164435916
164435947
164435978
164436009
164436040
164436071
164436102
164436133
164436164
164436195
164436226
164436257
164436288
164436319
164436350
164436381
164436412
164436443
164436474
164436505
164436536
164436567
164436598
164436629
164436660
164436691
164436722
164436753
164436784
164436815
164436846
164436877
164436908
164436939
164436970
164437001
164437032
164437063
164437094
164437125
164437156
164437187
164437218
164437249
164437280
164437311
164437342
164437373
164437404
164437435
164437466
164437497
164437528
164437559
164437590
164437621
164437652
164437683
164437714
164437745
164437776
164437807
164437838
164437869
164437900
164437931
164437962
164437993
164438024
164438055
164438086
164438117
164438148
164438179
164438210
164438241
164438272
164438303
164438334
164438365
164438396
164438427
164438458
164438489
164438520
164438551
164438582
164438613
164438644
164438675
164438706
164438737
164438768
164438799
164438830
164438861
164438892
164438923
164438954
164438985
164439016
164439047
164439078
164439109
164439140
164439171
164439202
164439233
164439264
164439295
164439326
164439357
164439388
164439419
164439450
164439481
164439512
164439543
164439574
164439605
164439636
164439667
164439698
164439729
164439760
164439791
164439822
164439853
164439884
164439915
164439946
164439977
164440008
164440039
164440070
164440101
164440132
164440163
164440194
164440225
164440256
164440287
164440318
164440349
164440380
164440411
164440442
164440473
164440504
164440535
164440566
164440597
164440628
164440659
164440690
164440721
164440752
164440783
164440814
164440845
164440876
164440907
164440938
164440969
164441000
164441031
164441062
164441093
164441124
164441155
164441186
164441217
164441248
164441279
164441310
164441341
164441372
164441403
164441434
164441465
164441496
164441527
164441558
164441589
164441620
164441651
164441682
164441713
164441744
164441775
164441806
164441837
164441868
164441899
164441930
164441961
164441992
164442023
164442054
164442085
164442116
164442147
164442178
164442209
164442240
164442271
164442302
164442333
164442364
164442395
164442426
164442457
164442488
164442519
164442550
164442581
164442612
164442643
164442674
164442705
164442736
164442767
164442798
164442829
164442860
164442891
164442922
164442953
164442984
164443015
164443046
164443077
164443108
164443139
164443170
164443201
164443232
164443263
164443294
164443325
164443356
164443387
164443418
164443449
164443480
164443511
164443542
164443573
164443604
164443635
164443666
164443697
164443728
164443759
164443790
164443821
164443852
164443883
164443914
164443945
164443976
164444007
164444038
164444069
164444100
164444131
164444162
164444193
164444224
164444255
164444286
164444317
164444348
164444379
164444410
164444441
164444472
164444503
164444534
164444565
164444596
164444627
164444658
164444689
164444720
164444751
164444782
164444813
164444844
164444875
164444906
164444937
164444968
164444999
164445030
164445061
164445092
164445123
164445154
164445185
164445216
164445247
164445278
164445309
164445340
164445371
164445402
164445433
164445464
164445495
164445526
164445557
164445588
164445619
164445650
164445681
164445712
164445743
164445774
164445805
164445836
164445867
164445898
164445929
164445960
164445991
164446022
164446053
164446084
164446115
164446146
164446177
164446208
164446239
164446270
164446301
164446332
164446363
164446394
164446425
164446456
164446487
164446518
164446549
164446580
164446611
164446642
164446673
164446704
164446735
164446766
164446797
164446828
164446859
164446890
164446921
164446952
164446983
164447014
164447045
164447076
164447107
164447138
164447169
164447200
164447231
164447262
164447293
164447324
164447355
164447386
164447417
164447448
164447479
164447510
164447541
164447572
164447603
164447634
164447665
164447696
164447727
164447758
164447789
164447820
164447851
164447882
164447913
164447944
164447975
164448006
164448037
164448068
164448099
164448130
164448161
164448192
164448223
164448254
164448285
164448316
164448347
164448378
164448409
164448440
164448471
164639896
164639927
164639958
164639989
164640020
164640051
164640082
164640113
164640144
164640175
164640206
164640237
164640268
164640299
164640330
164640361
164640392
164640423
164640454
164640485
164640516
164640547
164640578
164640609
164640640
164640671
164640702
164640733
164640764
164640795
164640826
164640857
164640888
164640919
164640950
164640981
164641012
164641043
164641074
164641105
164641136
164641167
164641198
164641229
164641260
164641291
164641322
164641353
164641384
164641415
164641446
164641477
164641508
164641539
164641570
164641601
164641632
164641663
164641694
164641725
164641756
164641787
164641818
164641849
164641880
164641911
164641942
164641973
164642004
164642035
164642066
164642097
164642128
164642159
164642190
164642221
164642252
164642283
164642314
164642345
164642376
164642407
164642438
164642469
164642500
164642531
164642562
164642593
164642624
164642655
164642686
164642717
164642748
164642779
164642810
164642841
164642872
164642903
164642934
164642965
164642996
164643027
164643058
164643089
164643120
164643151
164643182
164643213
164643244
164643275
164643306
164643337
164643368
164643399
164643430
164643461
164643492
164643523
164643554
164643585
164643616
164643647
164643678
164643709
164643740
164643771
164643802
164643833
164643864
164643895
164643926
164643957
164643988
164644019
164644050
164644081
164644112
164644143
164644174
164644205
164644236
164644267
164644298
164644329
164644360
164644391
164644422
164644453
164644484
164644515
164644546
164644577
164644608
164644639
164644670
164644701
164644732
164644763
164644794
164644825
164644856
164644887
164644918
164644949
164644980
164645011
164645042
164645073
164645104
164645135
164645166
164645197
164645228
164645259
164645290
164645321
164645352
164645383
164645414
164645445
164645476
164645507
164645538
164645569
164645600
164645631
164645662
164645693
164645724
164645755
164645786
164645817
164645848
164645879
164645910
164645941
164645972
164646003
164646034
164646065
164646096
164646127
164646158
164646189
164646220
164646251
164646282
164646313
164646344
164646375
164646406
164646437
164646468
164646499
164646530
164646561
164646592
164646623
164646654
164646685
164646716
164646747
164646778
164646809
164646840
164646871
164646902
164646933
164646964
164646995
164647026
164647057
164647088
164647119
164647150
164647181
164647212
164647243
164647274
164647305
164647336
164647367
164647398
164647429
164647460
164647491
164647522
164647553
164647584
164647615
164647646
164647677
164647708
164647739
164647770
164647801
164647832
164647863
164647894
164647925
164647956
164647987
164648018
164648049
164648080
164648111
164648142
164648173
164648204
164648235
164648266
164648297
164648328
164648359
164648390
164648421
164648452
164648483
164648514
164648545
164648576
164648607
164648638
164648669
164648700
164648731
164648762
164648793
164648824
164648855
164648886
164648917
164648948
164648979
164649010
164649041
164649072
164649103
164649134
164649165
164649196
164649227
164649258
164649289
164649320
164649351
164649382
164649413
164649444
164649475
164649506
164649537
164649568
164649599
164649630
164649661
164649692
164649723
164649754
164649785
164649816
164649847
164649878
164649909
164649940
164649971
164650002
164650033
164650064
164650095
164650126
164650157
164650188
164650219
164650250
164650281
164650312
164650343
164650374
164650405
164650436
164650467
164650498
164650529
164650560
164650591
164650622
164650653
164650684
164650715
164650746
164650777
164650808
164650839
164650870
164650901
164650932
164650963
164650994
164651025
164651056
164651087
164651118
164651149
164651180
164651211
164651242
164651273
164651304
164651335
164651366
164651397
164651428
164651459
164651490
164651521
164651552
164651583
164651614
164651645
164651676
164651707
164651738
164651769
164651800
164651831
164651862
164651893
164651924
164651955
164651986
164652017
164652048
164652079
164652110
164652141
164652172
164652203
164652234
164652265
164652296
164652327
164652358
164652389
164652420
164652451
164652482
164652513
164652544
164652575
164652606
164652637
164652668
164652699
164652730
164652761
164652792
164652823
164652854
164652885
164652916
164652947
164652978
164653009
164653040
164653071
164653102
164653133
164653164
164653195
164653226
164653257
164653288
164653319
164653350
164653381
164653412
164653443
164653474
164653505
164653536
164653567
164653598
164653629
164653660
164653691
164653722
164653753
164653784
164653815
164653846
164653877
164653908
164653939
164653970
164654001
164654032
164654063
164654094
164654125
164654156
164654187
164654218
164654249
164654280
164654311
164654342
164654373
164654404
164654435
164654466
164654497
164654528
164654559
164654590
164654621
164654652
164654683
164654714
164654745
164654776
164654807
164654838
164654869
164654900
164654931
164654962
164654993
164655024
164655055
164655086
164655117
164655148
164655179
164655210
164655241
164655272
164655303
164655334
164655365
164655396
164655427
164655458
164655489
164655520
164655551
164655582
164655613
164655644
164655675
164655706
164655737
164655768
164655799
164655830
164655861
164655892
164655923
164655954
164655985
164656016
164656047
164656078
164656109
164656140
164656171
164656202
164656233
164656264
164656295
164656326
164656357
164656388
164656419
164656450
164656481
164656512
164656543
164656574
164656605
164656636
164656667
164656698
164656729
164656760
164656791
164656822
164656853
164656884
164656915
164656946
164656977
164657008
164657039
164657070
164657101
164657132
164657163
164657194
164657225
164657256
164657287
164657318
164657349
164657380
164657411
164657442
164657473
164657504
164657535
164657566
164657597
164657628
164657659
164657690
164657721
164657752
164657783
164657814
164657845
164657876
164657907
164657938
164657969
164658000
164658031
164658062
164658093
164658124
164658155
164658186
164658217
164658248
164658279
164658310
164658341
164658372
164658403
164658434
164658465
164658496
164658527
164658558
164658589
164658620
164658651
164658682
164658713
164658744
164658775
164658806
164658837
164658868
164658899
164658930
164658961
164658992
164659023
164659054
164659085
164659116
164659147
164659178
164659209
164659240
164659271
164659302
164659333
164659364
164659395
164659426
164659457
164659488
164659519
164659550
164659581
164659612
164659643
164659674
164659705
164659736
164659767
164659798
164659829
164659860
164659891
164659922
164659953
164659984
164660015
164660046
164660077
164660108
164660139
164660170
164660201
164660232
164660263
164660294
164660325
164660356
164660387
164660418
164660449
164660480
164660511
164660542
164660573
164660604
164660635
164660666
164660697
164660728
164660759
164660790
164660821
164660852
164660883
164660914
164660945
164660976
164661007
164661038
164661069
164661100
164661131
164661162
164661193
164661224
164661255
164661286
164661317
164661348
164661379
164661410
164661441
164661472
164661503
164661534
164661565
164661596
164661627
164661658
164661689
164661720
164661751
164661782
164661813
164661844
164661875
164661906
164661937
164661968
164661999
164662030
164662061
164662092
164662123
164662154
164662185
164662216
164662247
164662278
164662309
164662340
164662371
164662402
164662433
164662464
164662495
164662526
164662557
164662588
164662619
164662650
164662681
164662712
164662743
164662774
164662805
164662836
164662867
164662898
164662929
164662960
164662991
164663022
164663053
164663084
164663115
164663146
164663177
164663208
164663239
164663270
164663301
164663332
164663363
164663394
164663425
164663456
164663487
164663518
164663549
164663580
164663611
164663642
164663673
164663704
164663735
164663766
164663797
164663828
164663859
164663890
164663921
164663952
164663983
164664014
164664045
164664076
164664107
164664138
164664169
164664200
164664231
164664262
164664293
164664324
164664355
164664386
164664417
164664448
164664479
164664510
164664541
164664572
164664603
164664634
164664665
164664696
164664727
164664758
164664789
164664820
164664851
164664882
164664913
164664944
164664975
164665006
164665037
164665068
164665099
164665130
164665161
164665192
164665223
164665254
164665285
164665316
164665347
164665378
164665409
164665440
164665471
164665502
164665533
164665564
164665595
164665626
164665657
164665688
164665719
164665750
164665781
164665812
164665843
164665874
164665905
164665936
164665967
164665998
164666029
164666060
164666091
164666122
164666153
164666184
164666215
164666246
164666277
164666308
164855067
164855098
164855129
164855160
164855191
164855222
164855253
164855284
164855315
164855346
164855377
164855408
164855439
164855470
164855501
164855532
164855563
164855594
164855625
164855656
164855687
164855718
164855749
164855780
164855811
164855842
164855873
164855904
164855935
164855966
164855997
164856028
164856059
164856090
164856121
164856152
164856183
164856214
164856245
164856276
164856307
164856338
164856369
164856400
164856431
164856462
164856493
164856524
164856555
164856586
164856617
164856648
164856679
164856710
164856741
164856772
164856803
164856834
164856865
164856896
164856927
164856958
164856989
164857020
164857051
164857082
164857113
164857144
164857175
164857206
164857237
164857268
164857299
164857330
164857361
164857392
164857423
164857454
164857485
164857516
164857547
164857578
164857609
164857640
164857671
164857702
164857733
164857764
164857795
164857826
164857857
164857888
164857919
164857950
164857981
164858012
164858043
164858074
164858105
164858136
164858167
164858198
164858229
164858260
164858291
164858322
164858353
164858384
164858415
164858446
164858477
164858508
164858539
164858570
164858601
164858632
164858663
164858694
164858725
164858756
164858787
164858818
164858849
164858880
164858911
164858942
164858973
164859004
164859035
164859066
164859097
164859128
164859159
164859190
164859221
164859252
164859283
164859314
164859345
164859376
164859407
164859438
164859469
164859500
164859531
164859562
164859593
164859624
164859655
164859686
164859717
164859748
164859779
164859810
164859841
164859872
164859903
164859934
164859965
164859996
164860027
164860058
164860089
164860120
164860151
164860182
164860213
164860244
164860275
164860306
164860337
164860368
164860399
164860430
164860461
164860492
164860523
164860554
164860585
164860616
164860647
164860678
164860709
164860740
164860771
164860802
164860833
164860864
164860895
164860926
164860957
164860988
164861019
164861050
164861081
164861112
164861143
164861174
164861205
164861236
164861267
164861298
164861329
164861360
164861391
164861422
164861453
164861484
164861515
164861546
164861577
164861608
164861639
164861670
164861701
164861732
164861763
164861794
164861825
164861856
164861887
164861918
164861949
164861980
164862011
164862042
164862073
164862104
164862135
164862166
164862197
164862228
164862259
164862290
164862321
164862352
164862383
164862414
164862445
164862476
164862507
164862538
164862569
164862600
164862631
164862662
164862693
164862724
164862755
164862786
164862817
164862848
164862879
164862910
164862941
164862972
164863003
164863034
164863065
164863096
164863127
164863158
164863189
164863220
164863251
164863282
164863313
164863344
164863375
164863406
164863437
164863468
164863499
164863530
164863561
164863592
164863623
164863654
164863685
164863716
164863747
164863778
164863809
164863840
164863871
164863902
164863933
164863964
164863995
164864026
164864057
164864088
164864119
164864150
164864181
164864212
164864243
164864274
164864305
164864336
164864367
164864398
164864429
164864460
164864491
164864522
164864553
164864584
164864615
164864646
164864677
164864708
164864739
164864770
164864801
164864832
164864863
164864894
164864925
164864956
164864987
164865018
164865049
164865080
164865111
164865142
164865173
164865204
164865235
164865266
164865297
164865328
164865359
164865390
164865421
164865452
164865483
164865514
164865545
164865576
164865607
164865638
164865669
164865700
164865731
164865762
164865793
164865824
164865855
164865886
164865917
164865948
164865979
164866010
164866041
164866072
164866103
164866134
164866165
164866196
164866227
164866258
164866289
164866320
164866351
164866382
164866413
164866444
164866475
164866506
164866537
164866568
164866599
164866630
164866661
164866692
164866723
164866754
164866785
164866816
164866847
164866878
164866909
164866940
164866971
164867002
164867033
164867064
164867095
164867126
164867157
164867188
164867219
164867250
164867281
164867312
164867343
164867374
164867405
164867436
164867467
164867498
164867529
164867560
164867591
164867622
164867653
164867684
164867715
164867746
164867777
164867808
164867839
164867870
164867901
164867932
164867963
164867994
164868025
164868056
164868087
164868118
164868149
164868180
164868211
164868242
164868273
164868304
164868335
164868366
164868397
164868428
164868459
164868490
164868521
164868552
164868583
164868614
164868645
164868676
164868707
164868738
164868769
164868800
164868831
164868862
164868893
164868924
164868955
164868986
164869017
164869048
164869079
164869110
164869141
164869172
164869203
164869234
164869265
164869296
164869327
164869358
164869389
164869420
164869451
164869482
164869513
164869544
164869575
164869606
164869637
164869668
164869699
164869730
164869761
164869792
164869823
164869854
164869885
164869916
164869947
164869978
164870009
164870040
164870071
164870102
164870133
164870164
164870195
164870226
164870257
164870288
164870319
164870350
164870381
164870412
164870443
164870474
164870505
164870536
164870567
164870598
164870629
164870660
164870691
164870722
164870753
164870784
164870815
164870846
164870877
164870908
164870939
164870970
164871001
164871032
164871063
164871094
164871125
164871156
164871187
164871218
164871249
164871280
164871311
164871342
164871373
164871404
164871435
164871466
164871497
164871528
164871559
164871590
164871621
164871652
164871683
164871714
164871745
164871776
164871807
164871838
164871869
164871900
164871931
164871962
164871993
164872024
164872055
164872086
164872117
164872148
164872179
164872210
164872241
164872272
164872303
164872334
164872365
164872396
164872427
164872458
164872489
164872520
164872551
164872582
164872613
164872644
164872675
164872706
164872737
164872768
164872799
164872830
164872861
164872892
164872923
164872954
164872985
164873016
164873047
164873078
164873109
164873140
164873171
164873202
164873233
164873264
164873295
164873326
164873357
164873388
164873419
164873450
164873481
164873512
164873543
164873574
164873605
164873636
164873667
164873698
164873729
164873760
164873791
164873822
164873853
164873884
164873915
164873946
164873977
164874008
164874039
164874070
164874101
164874132
164874163
164874194
164874225
164874256
164874287
164874318
164874349
164874380
164874411
164874442
164874473
164874504
164874535
164874566
164874597
164874628
164874659
164874690
164874721
164874752
164874783
164874814
164874845
164874876
164874907
164874938
164874969
164875000
164875031
164875062
164875093
164875124
164875155
164875186
164875217
164875248
164875279
164875310
164875341
164875372
164875403
164875434
164875465
164875496
164875527
164875558
164875589
164875620
164875651
164875682
164875713
164875744
164875775
164875806
164875837
164875868
164875899
164875930
164875961
164875992
164876023
164876054
164876085
164876116
164876147
164876178
164876209
164876240
164876271
164876302
164876333
164876364
164876395
164876426
164876457
164876488
164876519
164876550
164876581
164876612
164876643
164876674
164876705
164876736
164876767
164876798
164876829
164876860
164876891
164876922
164876953
164876984
164877015
164877046
164877077
164877108
164877139
164877170
164877201
164877232
164877263
164877294
164877325
164877356
164877387
164877418
164877449
164877480
164877511
164877542
164877573
164877604
164877635
164877666
164877697
164877728
164877759
164877790
164877821
164877852
164877883
164877914
164877945
164877976
164878007
164878038
164878069
164878100
164878131
164878162
164878193
164878224
164878255
164878286
164878317
164878348
164878379
164878410
164878441
164878472
164878503
164878534
164878565
164878596
164878627
164878658
164878689
164878720
164878751
164878782
164878813
164878844
164878875
164878906
164878937
164878968
164878999
164879030
164879061
164879092
164879123
164879154
164879185
164879216
164879247
164879278
164879309
164879340
164879371
164879402
164879433
164879464
164879495
164879526
164879557
164879588
164879619
164879650
164879681
164879712
164879743
164879774
164879805
164879836
164879867
164879898
164879929
164879960
164879991
164880022
164880053
164880084
164880115
164880146
164880177
164880208
164880239
164880270
164880301
164880332
164880363
164880394
164880425
164880456
164880487
164880518
164880549
164880580
164880611
164880642
164880673
164880704
164880735
164880766
164880797
164880828
164880859
164880890
164880921
164880952
164880983
164881014
164881045
164881076
164881107
164881138
164881169
164881200
164881231
164881262
164881293
164881324
164881355
164881386
164881417
164881448
164881479
164881510
164881541
164881572
164881603
164881634
164881665
164881696
164881727
164881758
164881789
164881820
164881851
164881882
164881913
164881944
164881975
164882006
164882037
164882068
164882099
164882130
164882161
164882192
164882223
164882254
164882285
164882316
164882347
164882378
164882409
164882440
164882471
164882502
164882533
164882564
164882595
164882626
164882657
164882688
164882719
164882750
164882781
164882812
164882843
164882874
164882905
164882936
164882967
164882998
