3759267219
3759267328
3759267425
3759267498
3759267607
3759267704
3759267813
3759267886
3759267983
3759268092
3759268153
3759268262
3759268347
3759268408
3759268517
3759268614
3759268687
3759268784
3759268893
3759269026
3759269099
3759269244
3759269365
3759269474
3759269571
3759269644
3759269729
3759269826
3759269899
3759270032
3759270141
3759270238
3759270359
3759270432
3759270517
3759270626
3759270687
3759270808
3759270905
3759271014
3759271123
3759271220
3759271389
3759271558
3759271667
3759271740
3759271849
3759271970
3759272091
3759272212
3759272333
3759377007
3759377116
3759377213
3759377310
3759377419
3759377588
3759377685
3759377782
3759377867
3759377976
3759378085
3759378194
3759378363
3759378460
3759378545
3759378642
3759378751
3759378860
3759378921
3759379042
3759379139
3759379236
3759379333
3759379418
3759379587
3759379756
3759379865
3759379974
3759380083
3759380204
3759380325
3759380422
3759380543
3759380652
3759380725
3759380834
3759381015
3759381112
3759381221
3759381330
3759381451
3759381560
3759381669
3759381766
3759381911
3759381996
3759382105
3759382214
3759382311
3759382420
3759382529
3759444257
3759444354
3759444451
3759444644
3759444801
3759444898
3759445019
3759445116
3759445333
3759445490
3759445587
3759445696
3759445781
3759445878
3759445987
3759446096
3759446193
3759446302
3759446423
3759446520
3759446617
3759446726
3759446811
3759446908
3759447005
3759447102
3759447211
3759447296
3759447393
3759447502
3759447599
3759447696
3759447793
3759447914
3759448011
3759448108
3759448217
3759448314
3759448423
3759448520
3759448629
3759448714
3759448811
3759448908
3759449017
3759449114
3759449223
3759449332
3759449441
3759449538
3759449647
3759449744
3759502584
3759502669
3759502766
3759502839
3759502924
3759503009
3759503106
3759503203
3759503288
3759503385
3759503470
3759503555
3759503640
3759503725
3759503834
3759503907
3759503992
3759504101
3759504294
3759504403
3759504500
3759504597
3759504670
3759504755
3759504876
3759504949
3759505094
3759505179
3759505264
3759505373
3759505470
3759505567
3759505652
3759505749
3759505846
3759505943
3759506040
3759506137
3759506234
3759506379
3759506464
3759506549
3759506634
3759506731
3759506840
3759506937
3759507046
3759507131
3759507228
3759507337
3759507434
3759560377
3759560462
3759560559
3759560656
3759560741
3759560826
3759560935
3759561020
3759561117
3759561214
3759561299
3759561396
3759561481
3759561566
3759561663
3759561748
3759561833
3759561930
3759562027
3759562112
3759562209
3759562282
3759562367
3759562464
3759562573
3759562646
3759562731
3759562816
3759562913
3759563022
3759563095
3759563192
3759563265
3759563362
3759563471
3759563580
3759563677
3759563762
3759563847
3759563944
3759564029
3759564114
3759564199
3759564296
3759564381
3759564478
3759564563
3759564660
3759564757
3759564866
3759564963
3759613458
3759613531
3759613604
3759613689
3759613774
3759613847
3759613956
3759614041
3759614126
3759614211
3759614380
3759614513
3759614574
3759614659
3759614732
3759614817
3759614890
3759614975
3759615060
3759615157
3759615230
3759615315
3759615412
3759615485
3759615558
3759615655
3759615740
3759615825
3759615910
3759616007
3759616080
3759616165
3759616262
3759616347
3759616444
3759616517
3759616614
3759616687
3759616760
3759616845
3759616918
3759617003
3759617088
3759617185
3759617282
3759617355
3759617440
3759617525
3759617610
3759617695
3759617780
3759663951
3759664036
3759664109
3759664182
3759664255
3759664340
3759664401
3759664462
3759664535
3759664620
3759664705
3759664790
3759664863
3759664936
3759665021
3759665106
3759665179
3759665252
3759665337
3759665410
3759665483
3759665568
3759665629
3759665714
3759665799
3759665884
3759665957
3759666030
3759666115
3759666188
3759666285
3759666382
3759666455
3759666516
3759666601
3759666674
3759666747
3759666820
3759666905
3759666990
3759667075
3759667136
3759667245
3759667330
3759667403
3759667476
3759667561
3759667646
3759667719
3759667804
3759667889
3759711114
3759711187
3759711272
3759711345
3759711430
3759711503
3759711576
3759711649
3759711722
3759711795
3759711880
3759711953
3759712038
3759712111
3759712184
3759712269
3759712354
3759712427
3759712512
3759712597
3759712670
3759712731
3759712816
3759712889
3759712950
3759713023
3759713096
3759713253
3759713314
3759713375
3759713436
3759713521
3759713594
3759713655
3759713728
3759713801
3759713874
3759713959
3759714056
3759714129
3759714250
3759714335
3759714408
3759714481
3759714554
3759714675
3759714772
3759714857
3759715014
3759715087
3759715172
3759759740
3759759813
3759759898
3759759971
3759760044
3759760129
3759760202
3759760335
3759760432
3759760493
3759760566
3759760627
3759760700
3759760773
3759760846
3759760919
3759760992
3759761053
3759761198
3759761283
3759761368
3759761441
3759761514
3759761599
3759761672
3759761733
3759761806
3759761891
3759761952
3759762025
3759762098
3759762159
3759762220
3759762293
3759762354
3759762475
3759762548
3759762609
3759762670
3759762743
3759762816
3759762961
3759763070
3759763239
3759763372
3759763433
3759763506
3759763579
3759763640
3759763713
3759763786
3759763847
3759809062
3759809135
3759809292
3759809377
3759809486
3759809595
3759809668
3759809741
3759809886
3759810007
3759810080
3759810153
3759810226
3759810299
3759810384
3759810445
3759810518
3759810591
3759810724
3759810797
3759810870
3759810943
3759811052
3759811137
3759811210
3759811283
3759811356
3759811429
3759811538
3759811623
3759811696
3759811781
3759811902
3759811975
3759812060
3759812133
3759812206
3759812279
3759812412
3759812485
3759812570
3759812655
3759812788
3759812873
3759812994
3759813067
3759813140
3759813225
3759813322
3759813455
3759813624
3759863722
3759863795
3759863868
3759863929
3759863990
3759864063
3759864172
3759864281
3759864354
3759864487
3759864560
3759864621
3759864694
3759864767
3759864888
3759864961
3759865022
3759865095
3759865216
3759865289
3759865410
3759865483
3759865556
3759865629
3759865702
3759865859
3759866052
3759866125
3759866198
3759866259
3759866332
3759866405
3759866514
3759866623
3759866696
3759866901
3759866974
3759867047
3759867120
3759867229
3759867314
3759867387
3759867448
3759867521
3759867642
3759867715
3759867836
3759867909
3759867982
3759868055
3759868116
3759916368
3759916465
3759916574
3759916635
3759916768
3759916841
3759916914
3759917023
3759917096
3759917169
3759917278
3759917363
3759917436
3759917557
3759917630
3759917775
3759917884
3759917969
3759918078
3759918151
3759918212
3759918285
3759918394
3759918479
3759918552
3759918625
3759918722
3759918795
3759918892
3759919013
3759919134
3759919207
3759919316
3759919389
3759919462
3759919535
3759919680
3759919753
3759919862
3759919947
3759920020
3759920129
3759920214
3759920299
3759920408
3759920505
3759920578
3759920651
3759920712
3759920821
3759920894
