3763668696
3763668829
3763668950
3763669059
3763669156
3763669265
3763669338
3763669459
3763669556
3763669737
3763669798
3763669895
3763669992
3763670053
3763670150
3763670247
3763670308
3763670417
3763670502
3763670611
3763670792
3763670901
3763670998
3763671107
3763671180
3763671313
3763671422
3763671507
3763671616
3763671677
3763671786
3763671907
3763671992
3763672053
3763672162
3763672271
3763672368
3763672513
3763672598
3763672743
3763672840
3763672949
3763673058
3763673131
3763673252
3763673337
3763673446
3763673519
3763673628
3763673749
3763673846
3763771306
3763771403
3763771512
3763771609
3763771718
3763771815
3763771936
3763772033
3763772154
3763772263
3763772420
3763772529
3763772638
3763772735
3763772832
3763773025
3763773098
3763773195
3763773316
3763773425
3763773534
3763773643
3763773812
3763773885
3763773994
3763774091
3763774188
3763774285
3763774358
3763774455
3763774552
3763774661
3763774770
3763774891
3763775012
3763775121
3763775242
3763775327
3763775436
3763775581
3763775666
3763775775
3763775884
3763775993
3763776090
3763776199
3763776296
3763776465
3763776562
3763776671
3763776768
3763835609
3763835718
3763835875
3763836044
3763836141
3763836250
3763836443
3763836576
3763836673
3763836770
3763836879
3763836976
3763837073
3763837230
3763837303
3763837400
3763837509
3763837606
3763837763
3763837872
3763837981
3763838090
3763838187
3763838296
3763838417
3763838586
3763838683
3763838768
3763838865
3763838974
3763839131
3763839228
3763839313
3763839398
3763839507
3763839604
3763839701
3763839810
3763839919
3763840016
3763840113
3763840222
3763840331
3763840464
3763840549
3763840658
3763840767
3763840876
3763840973
3763841082
3763841191
3763895703
3763895776
3763895861
3763895946
3763896043
3763896140
3763896225
3763896310
3763896407
3763896504
3763896589
3763896686
3763896783
3763896880
3763896989
3763897086
3763897183
3763897292
3763897401
3763897486
3763897583
3763897668
3763897765
3763897862
3763897971
3763898068
3763898153
3763898250
3763898359
3763898456
3763898553
3763898662
3763898759
3763898856
3763898941
3763899038
3763899123
3763899220
3763899317
3763899414
3763899511
3763899608
3763899693
3763899802
3763899887
3763899984
3763900069
3763900166
3763900263
3763900372
3763900457
3763900554
3763949251
3763949348
3763949445
3763949530
3763949639
3763949724
3763949809
3763949894
3763950003
3763950088
3763950197
3763950282
3763950355
3763950428
3763950537
3763950622
3763950707
3763950792
3763950889
3763950974
3763951059
3763951132
3763951205
3763951302
3763951387
3763951484
3763951581
3763951666
3763951751
3763951836
3763951921
3763952018
3763952103
3763952188
3763952273
3763952370
3763952467
3763952552
3763952649
3763952746
3763952855
3763953036
3763953121
3763953218
3763953315
3763953388
3763953473
3763953558
3763953655
3764000117
3764000202
3764000287
3764000372
3764000469
3764000554
3764000639
3764000724
3764000821
3764000906
3764000991
3764001088
3764001185
3764001258
3764001343
3764001428
3764001513
3764001610
3764001683
3764001768
3764001853
3764001950
3764002047
3764002120
3764002205
3764002302
3764002399
3764002496
3764002581
3764002678
3764002775
3764002872
3764002957
3764003042
3764003127
3764003212
3764003309
3764003406
3764003491
3764003576
3764003685
3764003770
3764003867
3764003940
3764004049
3764004134
3764004219
3764004304
3764004389
3764004474
3764049488
3764049573
3764049658
3764049731
3764049816
3764049889
3764049950
3764050047
3764050120
3764050205
3764050290
3764050363
3764050436
3764050521
3764050606
3764050679
3764050764
3764050849
3764050946
3764051019
3764051116
3764051201
3764051286
3764051371
3764051456
3764051541
3764051614
3764051699
3764051784
3764051845
3764051954
3764052039
3764052160
3764052233
3764052306
3764052379
3764052452
3764052525
3764052610
3764052683
3764052768
3764052841
3764052914
3764053023
3764053096
3764053181
3764053278
3764053351
3764053436
3764053509
3764095328
3764095401
3764095474
3764095559
3764095620
3764095693
3764095778
3764095863
3764095948
3764096021
3764096082
3764096155
3764096240
3764096325
3764096470
3764096567
3764096640
3764096725
3764096798
3764096871
3764096956
3764097041
3764097210
3764097283
3764097368
3764097441
3764097526
3764097599
3764097684
3764097769
3764097842
3764097915
3764097988
3764098061
3764098134
3764098207
3764098292
3764098353
3764098438
3764098523
3764098596
3764098693
3764098766
3764098839
3764098912
3764098997
3764099082
3764099155
3764099324
3764099385
3764099506
3764141309
3764141418
3764141503
3764141576
3764141649
3764141722
3764141795
3764141868
3764141941
3764142014
3764142099
3764142172
3764142293
3764142366
3764142439
3764142524
3764142597
3764142670
3764142731
3764142804
3764142877
3764142950
3764143023
3764143096
3764143169
3764143242
3764143315
3764143400
3764143473
3764143534
3764143619
3764143692
3764143765
3764143850
3764143935
3764144008
3764144117
3764144202
3764144275
3764144348
3764144421
3764144506
3764144591
3764144664
3764144797
3764144870
3764144943
3764145028
3764145089
3764145162
3764145223
3764145308
3764190464
3764190537
3764190694
3764190767
3764190888
3764190961
3764191034
3764191107
3764191264
3764191421
3764191590
3764191711
3764191784
3764191857
3764191930
3764191991
3764192064
3764192137
3764192198
3764192271
3764192356
3764192465
3764192586
3764192659
3764192816
3764192889
3764192950
3764193035
3764193144
3764193229
3764193302
3764193375
3764193448
3764193521
3764193594
3764193655
3764193728
3764193849
3764193922
3764193995
3764194068
3764194141
3764194214
3764194287
3764194360
3764194433
3764194506
3764194567
3764194640
3764194713
3764194786
3764240922
3764241019
3764241104
3764241165
3764241238
3764241299
3764241408
3764241517
3764241602
3764241663
3764241796
3764241869
3764242110
3764242255
3764242316
3764242389
3764242546
3764242691
3764242824
3764242897
3764242970
3764243043
3764243164
3764243273
3764243346
3764243491
3764243624
3764243697
3764243818
3764243891
3764244000
3764244073
3764244182
3764244255
3764244352
3764244413
3764244486
3764244547
3764244656
3764244729
3764244814
3764244923
3764244996
3764245057
3764245178
3764245251
3764245336
3764245409
3764245518
3764245603
3764245676
3764293151
3764293224
3764293345
3764293430
3764293587
3764293708
3764293781
3764293854
3764293927
3764294000
3764294073
3764294170
3764294255
3764294328
3764294401
3764294474
3764294583
3764294656
3764294717
3764294790
3764294983
3764295068
3764295141
3764295250
3764295335
3764295408
3764295481
3764295590
3764295663
3764295736
3764295821
3764295942
3764296015
3764296100
3764296245
3764296318
3764296427
3764296512
3764296633
3764296694
3764296767
3764296888
3764296961
3764297082
3764297167
3764297240
3764297349
3764297422
3764297483
3764297604
3764297677
