3412497995
3412498080
3412498141
3412498262
3412498371
3412498468
3412498589
3412498698
3412498795
3412498904
3412499025
3412499098
3412499207
3412499316
3412499413
3412499486
3412499595
3412499716
3412499837
3412499958
3412500055
3412500200
3412500297
3412500394
3412500503
3412500648
3412500745
3412500854
3412500927
3412501024
3412501145
3412501266
3412501363
3412501508
3412501617
3412501750
3412501847
3412501956
3412502101
3412502210
3412502343
3412502476
3412502585
3412502682
3412502779
3412502924
3412503045
3412503166
3412503275
3412503408
3412503505
3412503602
3412604427
3412604512
3412604621
3412604730
3412604839
3412605032
3412605093
3412605202
3412605287
3412605396
3412605505
3412605602
3412605759
3412605868
3412605953
3412606050
3412606243
3412606316
3412606413
3412606570
3412606643
3412606740
3412606849
3412606970
3412607055
3412607152
3412607345
3412607466
3412607587
3412607684
3412607901
3412607974
3412608059
3412608180
3412608277
3412608386
3412608483
3412608580
3412608689
3412608786
3412608919
3412609028
3412609125
3412609210
3412609319
3412609428
3412609537
3412609646
3412609755
3412609852
3412609961
3412610070
3412669181
3412669290
3412669399
3412669496
3412669605
3412669726
3412669823
3412669932
3412670041
3412670186
3412670283
3412670356
3412670465
3412670562
3412670671
3412670780
3412670877
3412670974
3412671083
3412671180
3412671301
3412671410
3412671507
3412671604
3412671701
3412671786
3412671895
3412671980
3412672089
3412672198
3412672343
3412672440
3412672561
3412672658
3412672755
3412672852
3412673057
3412673154
3412673311
3412673420
3412673517
3412673602
3412673711
3412673808
3412673917
3412673990
3412674135
3412674232
3412674401
3412674546
3412674655
3412728361
3412728458
3412728555
3412728652
3412728749
3412728846
3412728931
3412729076
3412729173
3412729258
3412729355
3412729464
3412729573
3412729682
3412729767
3412729888
3412730069
3412730154
3412730239
3412730360
3412730457
3412730566
3412730663
3412730760
3412730869
3412730954
3412731051
3412731148
3412731245
3412731342
3412731439
3412731548
3412731645
3412731742
3412731851
3412731936
3412732057
3412732130
3412732215
3412732312
3412732409
3412732506
3412732603
3412732712
3412732809
3412732906
3412733123
3412733196
3412733293
3412733390
3412784739
3412784824
3412784897
3412784970
3412785043
3412785128
3412785201
3412785298
3412785383
3412785492
3412785589
3412785674
3412785771
3412785868
3412785953
3412786038
3412786135
3412786232
3412786341
3412786438
3412786523
3412786620
3412786705
3412786790
3412786875
3412786948
3412787045
3412787142
3412787227
3412787324
3412787505
3412787650
3412787747
3412787832
3412787929
3412788014
3412788111
3412788196
3412788281
3412788390
3412788475
3412788584
3412788657
3412788742
3412788827
3412788912
3412789009
3412789082
3412789167
3412789252
3412789349
3412839780
3412839889
3412839962
3412840059
3412840156
3412840253
3412840326
3412840411
3412840496
3412840581
3412840666
3412840763
3412840836
3412840933
3412841018
3412841091
3412841176
3412841273
3412841358
3412841443
3412841528
3412841613
3412841710
3412841807
3412841892
3412841977
3412842050
3412842135
3412842220
3412842329
3412842402
3412842499
3412842572
3412842657
3412842754
3412842839
3412842912
3412843009
3412843094
3412843179
3412843252
3412843349
3412843422
3412843507
3412843592
3412843653
3412843750
3412843847
3412843932
3412844029
3412844102
3412890945
3412891042
3412891127
3412891188
3412891261
3412891346
3412891419
3412891492
3412891565
3412891638
3412891723
3412891820
3412891893
3412891966
3412892051
3412892136
3412892209
3412892450
3412892535
3412892632
3412892693
3412892766
3412892827
3412892900
3412892985
3412893070
3412893143
3412893228
3412893313
3412893398
3412893483
3412893568
3412893641
3412893738
3412893823
3412893896
3412893981
3412894066
3412894163
3412894236
3412894321
3412894394
3412894467
3412894540
3412894637
3412894710
3412894795
3412894880
3412894965
3412895062
3412895123
3412939107
3412939180
3412939277
3412939350
3412939411
3412939484
3412939557
3412939642
3412939739
3412939812
3412939873
3412939958
3412940031
3412940104
3412940177
3412940334
3412940431
3412940492
3412940565
3412940626
3412940735
3412940808
3412940893
3412940966
3412941051
3412941136
3412941209
3412941294
3412941367
3412941452
3412941525
3412941598
3412941671
3412941732
3412941817
3412941890
3412941963
3412942048
3412942133
3412942206
3412942291
3412942352
3412942437
3412942534
3412942607
3412942680
3412942753
3412942826
3412942899
3412942984
3412943045
3412987986
3412988083
3412988156
3412988217
3412988314
3412988423
3412988496
3412988581
3412988654
3412988727
3412988812
3412988885
3412988970
3412989031
3412989104
3412989177
3412989250
3412989323
3412989396
3412989457
3412989530
3412989615
3412989688
3412989761
3412989822
3412989907
3412989980
3412990053
3412990126
3412990199
3412990332
3412990405
3412990490
3412990551
3412990624
3412990709
3412990770
3412990843
3412990916
3412990989
3412991062
3412991135
3412991208
3412991353
3412991414
3412991499
3412991572
3412991645
3412991718
3412991791
3412991852
3412991913
3413034952
3413035013
3413035086
3413035159
3413035292
3413035377
3413035438
3413035511
3413035596
3413035657
3413035730
3413035815
3413035888
3413035961
3413036094
3413036167
3413036240
3413036313
3413036374
3413036435
3413036508
3413036593
3413036678
3413036799
3413036872
3413036945
3413037018
3413037079
3413037152
3413037225
3413037298
3413037419
3413037492
3413037565
3413037638
3413037783
3413037856
3413038013
3413038098
3413038315
3413038388
3413038461
3413038534
3413038607
3413038680
3413038765
3413038838
3413039055
3413039128
3413039189
3413039262
3413084365
3413084438
3413084523
3413084596
3413084669
3413084730
3413084803
3413084876
3413085105
3413085190
3413085263
3413085324
3413085397
3413085566
3413085675
3413085748
3413085821
3413085894
3413085955
3413086064
3413086137
3413086258
3413086355
3413086464
3413086537
3413086610
3413086683
3413086804
3413086913
3413086986
3413087059
3413087168
3413087241
3413087314
3413087375
3413087448
3413087569
3413087666
3413087739
3413087896
3413088041
3413088138
3413088247
3413088344
3413088405
3413088478
3413088563
3413088636
3413088697
3413088770
3413088831
3413139643
3413139752
3413139825
3413139898
3413140019
3413140092
3413140165
3413140238
3413140335
3413140408
3413140469
3413140554
3413140663
3413140736
3413140809
3413140918
3413140991
3413141052
3413141125
3413141198
3413141259
3413141332
3413141429
3413141502
3413141563
3413141636
3413141697
3413141890
3413141999
3413142144
3413142217
3413142326
3413142399
3413142556
3413142713
3413142858
3413143015
3413143124
3413143197
3413143270
3413143367
3413143428
3413143501
3413143562
3413143623
3413143684
3413143757
3413143866
3413143951
3413144024
