2685572077
2685572198
2685572307
2685572428
2685572561
2685572694
2685572815
2685572900
2685573045
2685573130
2685573239
2685573348
2685573457
2685573566
2685573627
2685573724
2685573833
2685573906
2685573991
2685574100
2685574209
2685574306
2685574379
2685574500
2685574633
2685574730
2685574839
2685574936
2685575045
2685575118
2685575227
2685575336
2685575457
2685575578
2685575675
2685575772
2685575869
2685575954
2685576063
2685576172
2685576293
2685576486
2685576595
2685576740
2685576873
2685576982
2685577091
2685577176
2685577285
2685577346
2685577467
2685674594
2685674667
2685674776
2685674933
2685675090
2685675211
2685675320
2685675429
2685675526
2685675623
2685675732
2685675841
2685675974
2685676071
2685676168
2685676229
2685676326
2685676543
2685676712
2685676809
2685676882
2685676967
2685677052
2685677149
2685677258
2685677331
2685677440
2685677537
2685677658
2685677731
2685677828
2685677949
2685678154
2685678227
2685678324
2685678409
2685678506
2685678579
2685678688
2685678797
2685678894
2685678991
2685679100
2685679197
2685679354
2685679463
2685679560
2685679657
2685679766
2685679875
2685679984
2685734804
2685734925
2685735010
2685735131
2685735252
2685735349
2685735446
2685735555
2685735676
2685735761
2685735882
2685735955
2685736052
2685736149
2685736246
2685736355
2685736464
2685736561
2685736718
2685736815
2685736972
2685737141
2685737226
2685737299
2685737456
2685737553
2685737662
2685737771
2685737856
2685738037
2685738170
2685738291
2685738376
2685738497
2685738594
2685738703
2685738788
2685738897
2685739006
2685739115
2685739212
2685739321
2685739418
2685739527
2685739624
2685739721
2685739818
2685739879
2685739976
2685793064
2685793137
2685793234
2685793343
2685793440
2685793525
2685793610
2685793695
2685793792
2685793901
2685793998
2685794095
2685794204
2685794301
2685794410
2685794507
2685794604
2685794701
2685794798
2685794895
2685795004
2685795089
2685795186
2685795295
2685795392
2685795477
2685795574
2685795671
2685795780
2685795877
2685795962
2685796059
2685796156
2685796265
2685796362
2685796459
2685796556
2685796653
2685796750
2685796871
2685796944
2685797053
2685797150
2685797247
2685797344
2685797441
2685797538
2685797635
2685797744
2685797841
2685849810
2685849895
2685849980
2685850077
2685850174
2685850283
2685850368
2685850453
2685850550
2685850659
2685850756
2685850853
2685850950
2685851047
2685851144
2685851241
2685851350
2685851435
2685851532
2685851629
2685851702
2685851775
2685851872
2685851957
2685852042
2685852139
2685852296
2685852441
2685852526
2685852623
2685852732
2685852829
2685852926
2685853035
2685853096
2685853169
2685853254
2685853375
2685853460
2685853533
2685853630
2685853727
2685853812
2685853921
2685854006
2685854079
2685854152
2685854273
2685854358
2685854431
2685854516
2685902302
2685902387
2685902472
2685902569
2685902654
2685902751
2685902824
2685902897
2685902994
2685903079
2685903164
2685903237
2685903418
2685903515
2685903612
2685903697
2685903770
2685903855
2685903964
2685904037
2685904122
2685904207
2685904292
2685904389
2685904486
2685904559
2685904656
2685904741
2685904838
2685904923
2685905008
2685905105
2685905178
2685905275
2685905360
2685905433
2685905530
2685905615
2685905712
2685905797
2685905882
2685905991
2685906076
2685906173
2685906258
2685906355
2685906428
2685906525
2685906622
2685906695
2685906768
2685906853
2685950995
2685951080
2685951249
2685951334
2685951419
2685951504
2685951589
2685951674
2685951747
2685951820
2685951929
2685952014
2685952099
2685952172
2685952257
2685952342
2685952427
2685952512
2685952585
2685952670
2685952755
2685952840
2685952913
2685952998
2685953083
2685953168
2685953253
2685953350
2685953435
2685953508
2685953593
2685953678
2685953751
2685953824
2685953909
2685953994
2685954079
2685954164
2685954249
2685954322
2685954419
2685954492
2685954565
2685954650
2685954735
2685954820
2685954905
2685954978
2685955075
2685955148
2685955233
2685998769
2685998866
2685998939
2685999012
2685999073
2685999146
2685999231
2685999316
2685999413
2685999486
2685999571
2685999644
2685999801
2685999874
2685999959
2686000044
2686000117
2686000190
2686000275
2686000348
2686000541
2686000626
2686000699
2686000832
2686000953
2686001026
2686001099
2686001172
2686001245
2686001318
2686001415
2686001500
2686001573
2686001646
2686001719
2686001780
2686001853
2686001950
2686002023
2686002096
2686002181
2686002254
2686002327
2686002412
2686002485
2686002642
2686002727
2686002812
2686002885
2686002958
2686003031
2686003116
2686044298
2686044371
2686044444
2686044517
2686044578
2686044651
2686044724
2686044797
2686044870
2686044943
2686045028
2686045101
2686045162
2686045235
2686045308
2686045381
2686045454
2686045527
2686045588
2686045661
2686045758
2686045843
2686045916
2686045989
2686046062
2686046135
2686046208
2686046269
2686046342
2686046403
2686046488
2686046657
2686046730
2686046899
2686046972
2686047045
2686047166
2686047263
2686047336
2686047409
2686047482
2686047555
2686047628
2686047701
2686047822
2686047907
2686047980
2686048053
2686048114
2686048187
2686048260
2686090916
2686090989
2686091062
2686091135
2686091232
2686091329
2686091402
2686091511
2686091596
2686091657
2686091742
2686091815
2686091888
2686091961
2686092034
2686092143
2686092252
2686092325
2686092446
2686092555
2686092628
2686092701
2686092774
2686092859
2686092932
2686093017
2686093078
2686093139
2686093212
2686093285
2686093370
2686093431
2686093504
2686093565
2686093650
2686093723
2686093784
2686093857
2686093990
2686094075
2686094160
2686094269
2686094354
2686094427
2686094500
2686094561
2686094634
2686094707
2686094780
2686142228
2686142289
2686142374
2686142447
2686142592
2686142701
2686142786
2686142859
2686142980
2686143053
2686143126
2686143187
2686143272
2686143345
2686143442
2686143551
2686143708
2686143853
2686143926
2686143999
2686144120
2686144277
2686144338
2686144411
2686144484
2686144569
2686144642
2686144715
2686144788
2686144861
2686144934
2686145007
2686145128
2686145201
2686145274
2686145359
2686145432
2686145505
2686145578
2686145699
2686145808
2686145917
2686146014
2686146099
2686146160
2686146269
2686146354
2686146427
2686146596
2686146705
2686146778
2686194595
2686194668
2686194777
2686194838
2686194911
2686194972
2686195081
2686195142
2686195215
2686195276
2686195337
2686195494
2686195567
2686195676
2686195749
2686195834
2686195907
2686196064
2686196221
2686196342
2686196415
2686196500
2686196645
2686196718
2686196827
2686196900
2686196961
2686197034
2686197107
2686197228
2686197301
2686197422
2686197507
2686197568
2686197677
2686197750
2686197847
2686198028
2686198101
2686198162
2686198223
2686198356
2686198429
2686198502
2686198611
2686198684
2686198745
2686198854
2686198927
2686199012
2686199109
2686199182
