1503463032
1503463105
1503463190
1503463299
1503463420
1503463493
1503463602
1503463711
1503463820
1503463941
1503464050
1503464111
1503464208
1503464269
1503464354
1503464499
1503464608
1503464729
1503464838
1503464935
1503465044
1503465117
1503465202
1503465311
1503465372
1503465469
1503465578
1503465639
1503465760
1503465869
1503465978
1503466075
1503466184
1503466341
1503466450
1503466583
1503466704
1503466825
1503466934
1503467031
1503467104
1503467309
1503467406
1503467479
1503467588
1503467709
1503467830
1503467975
1503468108
1503468217
1503468326
1503559693
1503559802
1503559947
1503560032
1503560141
1503560286
1503560371
1503560468
1503560589
1503560686
1503560795
1503560904
1503561013
1503561122
1503561195
1503561268
1503561389
1503561498
1503561607
1503561692
1503561789
1503561898
1503562007
1503562200
1503562273
1503562370
1503562479
1503562600
1503562709
1503562830
1503562939
1503563048
1503563145
1503563242
1503563339
1503563484
1503563581
1503563702
1503563823
1503563920
1503564005
1503564114
1503564175
1503564260
1503564357
1503564502
1503564587
1503564696
1503564805
1503564914
1503565011
1503626513
1503626610
1503626767
1503626852
1503626937
1503627034
1503627143
1503627252
1503627409
1503627494
1503627591
1503627688
1503627797
1503627906
1503628015
1503628112
1503628209
1503628402
1503628559
1503628668
1503628765
1503628886
1503628983
1503629056
1503629153
1503629262
1503629359
1503629468
1503629577
1503629686
1503629795
1503629904
1503630049
1503630170
1503630267
1503630352
1503630449
1503630558
1503630679
1503630776
1503630897
1503631006
1503631103
1503631200
1503631369
1503631442
1503631551
1503631636
1503631745
1503631854
1503689466
1503689563
1503689660
1503689757
1503689866
1503689939
1503690048
1503690133
1503690242
1503690411
1503690556
1503690665
1503690762
1503690847
1503690932
1503691029
1503691222
1503691319
1503691428
1503691525
1503691622
1503691767
1503691864
1503691961
1503692046
1503692131
1503692228
1503692337
1503692446
1503692531
1503692640
1503692737
1503692834
1503692931
1503693076
1503693173
1503693270
1503693343
1503693428
1503693537
1503693646
1503693743
1503693828
1503693925
1503694034
1503694119
1503694228
1503694301
1503694410
1503694495
1503694664
1503694809
1503748684
1503748781
1503748878
1503748963
1503749060
1503749157
1503749242
1503749339
1503749436
1503749533
1503749618
1503749715
1503749812
1503749909
1503750006
1503750091
1503750200
1503750261
1503750370
1503750455
1503750540
1503750637
1503750734
1503750831
1503750916
1503751025
1503751110
1503751207
1503751316
1503751389
1503751498
1503751595
1503751692
1503751801
1503751874
1503751959
1503752056
1503752165
1503752250
1503752347
1503752444
1503752529
1503752626
1503752723
1503752808
1503752905
1503753014
1503753111
1503753208
1503753293
1503753474
1503803095
1503803192
1503803277
1503803374
1503803459
1503803544
1503803629
1503803714
1503803787
1503803860
1503803933
1503804042
1503804127
1503804212
1503804285
1503804382
1503804479
1503804576
1503804649
1503804722
1503804795
1503804880
1503804953
1503805038
1503805123
1503805208
1503805305
1503805390
1503805487
1503805572
1503805657
1503805742
1503805827
1503805924
1503806009
1503806106
1503806215
1503806288
1503806373
1503806458
1503806567
1503806640
1503806725
1503806810
1503806883
1503806992
1503807077
1503807174
1503807259
1503807332
1503807417
1503853156
1503853229
1503853326
1503853411
1503853496
1503853593
1503853690
1503853763
1503853860
1503853945
1503854030
1503854115
1503854188
1503854273
1503854358
1503854443
1503854528
1503854613
1503854710
1503854807
1503854880
1503854953
1503855038
1503855123
1503855208
1503855281
1503855354
1503855427
1503855512
1503855597
1503855682
1503855755
1503855840
1503855925
1503856022
1503856095
1503856168
1503856241
1503856338
1503856423
1503856520
1503856593
1503856690
1503856775
1503856956
1503857029
1503857114
1503857211
1503857284
1503857369
1503857454
1503901056
1503901129
1503901202
1503901275
1503901348
1503901433
1503901506
1503901579
1503901652
1503901725
1503901822
1503901895
1503901956
1503902041
1503902138
1503902211
1503902284
1503902357
1503902430
1503902503
1503902576
1503902637
1503902710
1503902795
1503902940
1503903013
1503903086
1503903159
1503903232
1503903305
1503903378
1503903439
1503903524
1503903597
1503903670
1503903887
1503903984
1503904057
1503904118
1503904203
1503904300
1503904373
1503904458
1503904531
1503904604
1503904677
1503904750
1503904835
1503904920
1503904993
1503905066
1503905139
1503950275
1503950348
1503950433
1503950506
1503950579
1503950652
1503950725
1503950798
1503950871
1503950944
1503951017
1503951102
1503951187
1503951296
1503951417
1503951490
1503951575
1503951780
1503951877
1503951950
1503952023
1503952084
1503952157
1503952242
1503952315
1503952388
1503952461
1503952534
1503952607
1503952692
1503952789
1503952862
1503952923
1503952996
1503953081
1503953154
1503953275
1503953348
1503953421
1503953506
1503953579
1503953700
1503953785
1503953858
1503953931
1503954016
1503954089
1503954162
1503954259
1503954332
1503954429
1503998777
1503998850
1503998959
1503999044
1503999105
1503999178
1503999299
1503999408
1503999505
1503999578
1503999651
1503999772
1503999845
1503999918
1503999991
1504000064
1504000137
1504000210
1504000319
1504000440
1504000513
1504000670
1504000743
1504000816
1504000925
1504001022
1504001095
1504001240
1504001313
1504001386
1504001543
1504001664
1504001749
1504001822
1504001895
1504001968
1504002041
1504002114
1504002331
1504002416
1504002489
1504002562
1504002635
1504002708
1504002817
1504002914
1504002987
1504003048
1504003169
1504003230
1504003303
1504003400
1504051393
1504051478
1504051671
1504051756
1504051817
1504051890
1504051963
1504052084
1504052193
1504052338
1504052399
1504052520
1504052605
1504052678
1504052751
1504052872
1504052969
1504053030
1504053091
1504053164
1504053237
1504053310
1504053431
1504053528
1504053601
1504053674
1504053783
1504053856
1504053917
1504054038
1504054111
1504054196
1504054305
1504054402
1504054523
1504054596
1504054657
1504054730
1504054803
1504054876
1504054949
1504055058
1504055131
1504055204
1504055277
1504055350
1504055483
1504055556
1504055629
1504055774
1504055895
1504103364
1504103473
1504103594
1504103727
1504103824
1504103897
1504103970
1504104115
1504104284
1504104393
1504104466
1504104539
1504104660
1504104733
1504104878
1504104951
1504105096
1504105241
1504105302
1504105363
1504105424
1504105533
1504105642
1504105715
1504105800
1504105921
1504105994
