START
2131261860
2131261957
2131262030
2131262211
2131262296
2131262405
2131262490
2131262587
2131262648
2131262757
2131262866
2131262939
2131263132
2131263205
2131263302
2131263387
2131263508
2131263593
2131263678
2131263787
2131263872
2131263969
2131264042
2131264115
2131264200
2131264309
2131264418
2131264515
2131264600
2131264661
2131264770
2131264915
2131265024
2131265097
2131265182
2131265279
2131265364
2131265461
2131265522
2131265595
2131265716
2131265813
2131265898
2131265995
2131266104
2131266189
2131266274
2131266371
2131266432
2131266505
2131266602
2131266699
2131266784
2131266917
2131267014
2131267099
2131267196
2131267305
2131267402
2131267475
2131267548
2131267657
2131267742
2131267839
2131267900
2131267961
2131268046
2131268167
2131268240
2131268349
2131268470
2131268543
2131268628
2131268701
2131268786
2131268859
2131268980
2131269089
2131269174
2131269283
2131269356
2131269441
2131269538
2131269647
2131269732
2131269829
2131269950
2131270059
2131270132
2131270229
2131270314
2131270399
2131270508
2131270569
2131270654
2131270751
2131270884
2131270957
2131271054
2131271127
2131271212
2131363693
2131363850
2131363959
2131364056
2131364129
2131364214
2131364347
2131364420
2131364493
2131364566
2131364651
2131364736
2131364881
2131364978
2131365075
2131365220
2131365317
2131365426
2131365547
2131365620
2131365729
2131365826
2131365923
2131366032
2131366141
2131366238
2131366347
2131366444
2131366541
2131366650
2131366735
2131366844
2131366929
2131367002
2131367075
2131367184
2131367257
2131367342
2131367451
2131367560
2131367633
2131367706
2131367791
2131367900
2131368009
2131368106
2131368251
2131368348
2131368421
2131368518
2131368591
2131368664
2131368761
2131368846
2131368919
2131369016
2131369137
2131369246
2131369355
2131369464
2131369609
2131369694
2131369803
2131369876
2131369985
2131370094
2131370203
2131370312
2131370397
2131370506
2131370603
2131370712
2131370809
2131370918
2131422209
2131422318
2131422403
2131422500
2131422633
2131422718
2131422791
2131422876
2131422997
2131423190
2131423287
2131423360
2131423433
2131423554
2131423627
2131423724
2131423797
2131423870
2131423967
2131424052
2131424137
2131424246
2131424343
2131424416
2131424513
2131424586
2131424719
2131424816
2131424925
2131425010
2131425095
2131425168
2131425253
2131425326
2131425435
2131425508
2131425593
2131425678
2131425775
2131425848
2131425957
2131426078
2131426187
2131426296
2131426393
2131426502
2131426611
2131426708
2131426901
2131426962
2131427047
2131427120
2131427193
2131427278
2131427375
2131427484
2131427581
2131427654
2131427727
2131427812
2131427909
2131428066
2131428163
2131428236
2131428333
2131428430
2131428527
2131428636
2131428721
2131428830
2131428915
2131429000
2131429085
2131479923
2131480032
2131480117
2131480214
2131480323
2131480408
2131480481
2131480638
2131480771
2131480844
2131480953
2131481038
2131481111
2131481196
2131481281
2131481354
2131481451
2131481548
2131481633
2131481718
2131481791
2131481864
2131481961
2131482034
2131482143
2131482216
2131482313
2131482410
2131482495
2131482580
2131482689
2131482774
2131482871
2131482968
2131483053
2131483138
2131483211
2131483284
2131483381
2131483466
2131483539
2131483612
2131483697
2131483806
2131483927
2131484012
2131484097
2131484182
2131484291
2131484388
2131484461
2131484546
2131484619
2131484704
2131484801
2131484862
2131484935
2131485008
2131485093
2131485190
2131485287
2131485372
2131485469
2131485578
2131485663
2131485736
2131485821
2131485918
2131486003
2131486112
2131486197
2131486270
2131486379
2131486488
2131533736
2131533857
2131533930
2131533991
2131534100
2131534161
2131534282
2131534367
2131534428
2131534501
2131534574
2131534659
2131534756
2131534841
2131534914
2131534999
2131535096
2131535169
2131535254
2131535339
2131535400
2131535485
2131535570
2131535655
2131535752
2131535837
2131535934
2131536019
2131536104
2131536213
2131536286
2131536371
2131536468
2131536541
2131536614
2131536687
2131536760
2131536845
2131536918
2131537015
2131537088
2131537197
2131537282
2131537355
2131537428
2131537501
2131537562
2131537647
2131537732
2131537829
2131537914
2131537999
2131538072
2131538169
2131538254
2131538339
2131538412
2131538497
2131538558
2131538643
2131538752
2131538849
2131538934
2131539043
2131539116
2131539201
2131539298
2131539371
2131539456
2131539553
2131539638
2131539735
2131539856
2131588078
2131588163
2131588332
2131588405
2131588490
2131588551
2131588636
2131588745
2131588806
2131588879
2131588964
2131589037
2131589170
2131589255
2131589340
2131589413
2131589498
2131589595
2131589692
2131589777
2131589862
2131589959
2131590044
2131590141
2131590226
2131590323
2131590408
2131590469
2131590542
2131590603
2131590676
2131590797
2131590870
2131590979
2131591052
2131591161
2131591234
2131591307
2131591404
2131591477
2131591562
2131591635
2131591744
2131591829
2131591926
2131591999
2131592108
2131592181
2131592278
2131592351
2131592424
2131592509
2131592582
2131592691
2131592776
2131592873
2131592946
2131593043
2131593116
2131593213
2131593286
2131593359
2131593468
2131593553
2131593626
2131593699
2131593796
2131593893
2131593978
2131594051
2131594124
2131594185
2131594282
2131594367
2131638612
2131638697
2131638782
2131638855
2131638940
2131639013
2131639086
2131639159
2131639244
2131639329
2131639438
2131639511
2131639584
2131639669
2131639742
2131639851
2131639924
2131640033
2131640106
2131640227
2131640300
2131640397
2131640482
2131640555
2131640616
2131640701
2131640786
2131640871
2131640956
2131641017
2131641126
2131641247
2131641332
2131641405
2131641466
2131641539
2131641636
2131641709
2131641830
2131641927
2131642012
2131642085
2131642170
2131642231
2131642316
2131642389
2131642462
2131642571
2131642668
2131642765
2131642850
2131642935
2131643020
2131643093
2131643166
2131643251
2131643372
2131643433
2131643542
2131643627
2131643736
2131643797
2131643882
2131643955
2131644028
2131644101
2131644174
2131644259
2131644332
2131644405
2131644478
2131644563
2131644648
2131644733
2131692062
2131692147
2131692232
2131692305
2131692378
2131692451
2131692536
2131692645
2131692730
2131692851
2131692936
2131693009
2131693082
2131693167
2131693228
2131693301
2131693386
2131693459
2131693544
2131693617
2131693690
2131693775
2131693860
2131693933
2131694006
2131694091
2131694176
2131694261
2131694346
2131694443
2131694504
2131694577
2131694662
2131694735
2131694820
2131694917
2131695002
2131695075
2131695160
2131695233
2131695318
2131695403
2131695476
2131695549
2131695634
2131695707
2131695780
2131695853
2131695926
2131696011
2131696108
2131696193
2131696278
2131696363
2131696436
2131696509
2131696570
2131696655
2131696728
2131696813
2131696898
2131696971
2131697032
2131697117
2131697202
2131697275
2131697360
2131697433
2131697506
2131697579
2131697652
2131697725
2131697810
2131697871
2131697980
2131743316
2131743389
2131743462
2131743535
2131743608
2131743705
2131743778
2131743851
2131743924
2131744045
2131744142
2131744215
2131744276
2131744349
2131744434
2131744507
2131744592
2131744653
2131744714
2131744787
2131744860
2131744933
2131745006
2131745079
2131745152
2131745213
2131745286
2131745371
2131745480
2131745553
2131745626
2131745699
2131745772
2131745833
2131745906
2131745979
2131746052
2131746125
2131746234
2131746331
2131746404
2131746489
2131746562
2131746647
2131746756
2131746865
2131746938
2131747011
2131747084
2131747157
2131747302
2131747375
2131747448
2131747521
2131747582
2131747667
2131747740
2131747813
2131747886
2131747959
2131748068
2131748141
2131748214
2131748287
2131748396
2131748565
2131748674
2131748747
2131748820
2131748905
2131748966
2131749051
2131749124
2131749209
2131794934
2131795007
2131795116
2131795189
2131795262
2131795335
2131795396
2131795469
2131795542
2131795615
2131795760
2131795833
2131795906
2131795979
2131796148
2131796209
2131796306
2131796379
2131796452
2131796513
2131796586
2131796659
2131796732
2131796805
2131796890
2131796963
2131797036
2131797109
2131797182
2131797255
2131797328
2131797401
2131797474
2131797547
2131797608
2131797705
2131797778
2131797851
2131797936
2131797997
2131798070
2131798143
2131798240
2131798301
2131798374
2131798459
2131798616
2131798773
2131798858
2131798931
2131799100
2131799221
2131799306
2131799379
2131799464
2131799537
2131799610
2131799683
2131799744
2131799817
2131799890
2131799975
2131800048
2131800121
2131800230
2131800303
2131800412
2131800485
2131800582
2131800667
2131800776
2131800861
2131800934
2131801019
2131801128
2131846302
2131846375
2131846436
2131846509
2131846606
2131846667
2131846788
2131846861
2131846934
2131847007
2131847116
2131847189
2131847262
2131847323
2131847396
2131847457
2131847662
2131847747
2131847820
2131847893
2131847966
2131848087
2131848160
2131848233
2131848306
2131848391
2131848500
2131848573
2131848646
2131848707
2131848816
2131848925
2131848998
2131849071
2131849132
2131849205
2131849326
2131849411
2131849496
2131849569
2131849642
2131849715
2131849776
2131849837
2131849982
2131850079
2131850152
2131850225
2131850298
2131850371
2131850516
2131850589
2131850662
2131850735
2131850844
2131850929
2131851002
2131851075
2131851160
2131851221
2131851294
2131851367
2131851440
2131851501
2131851574
2131851647
2131851720
2131851781
2131851890
2131851963
2131852036
2131852109
2131852182
2131852267
