START
2003909208
2003909389
2003909498
2003909571
2003909668
2003909777
2003909838
2003909959
2003910056
2003910141
2003910250
2003910359
2003910468
2003910541
2003910650
2003910783
2003910904
2003911025
2003911122
2003911207
2003911352
2003911449
2003911546
2003911655
2003911764
2003911885
2003912042
2003912139
2003912212
2003912333
2003912442
2003912551
2003912624
2003912745
2003912866
2003912975
2003913084
2003913181
2003913278
2003913399
2003913508
2003913581
2003913666
2003913775
2003913836
2003913933
2003914042
2003914115
2003914200
2003914285
2003914346
2003914455
2003914576
2003914697
2003914806
2003914927
2003915036
2003915157
2003915230
2003915351
2003915448
2003915593
2003915714
2003915835
2003915944
2003916041
2003916150
2003916235
2003916368
2003916465
2003916574
2003916647
2003916732
2003916841
2003916902
2003917011
2003917120
2003917217
2003917326
2003917423
2003917532
2003917605
2003917690
2003917799
2003917896
2003917969
2003918090
2003918187
2003918260
2003918357
2003918418
2003918539
2003918660
2003918781
2003918878
2003918987
2003919108
2003919193
2003919302
2003919399
2004017341
2004017426
2004017535
2004017680
2004017801
2004017886
2004017983
2004018056
2004018129
2004018214
2004018323
2004018408
2004018589
2004018662
2004018759
2004018868
2004018965
2004019062
2004019147
2004019304
2004019389
2004019498
2004019607
2004019668
2004019765
2004019886
2004019983
2004020056
2004020153
2004020250
2004020359
2004020468
2004020541
2004020638
2004020747
2004020832
2004020917
2004020990
2004021159
2004021268
2004021377
2004021474
2004021619
2004021728
2004021813
2004021898
2004022007
2004022116
2004022225
2004022334
2004022491
2004022672
2004022781
2004022866
2004022963
2004023072
2004023181
2004023278
2004023387
2004023484
2004023593
2004023738
2004023835
2004023920
2004024005
2004024078
2004024175
2004024296
2004024369
2004024490
2004024623
2004024708
2004024817
2004081272
2004081369
2004081478
2004081563
2004081660
2004081745
2004081854
2004081963
2004082060
2004082157
2004082266
2004082363
2004082508
2004082593
2004082690
2004082787
2004082884
2004083041
2004083138
2004083211
2004083296
2004083393
2004083538
2004083623
2004083720
2004083817
2004083914
2004083987
2004084084
2004084205
2004084302
2004084399
2004084508
2004084605
2004084702
2004084775
2004084872
2004084969
2004085126
2004085235
2004085344
2004085453
2004085538
2004085647
2004085816
2004085901
2004085998
2004086107
2004086216
2004086313
2004086422
2004086519
2004086664
2004086761
2004086846
2004086943
2004087040
2004087137
2004087222
2004087331
2004087428
2004087537
2004087598
2004087707
2004087852
2004087937
2004088034
2004088143
2004088252
2004088349
2004088494
2004088567
2004088676
2004088797
2004142805
2004142890
2004142987
2004143072
2004143169
2004143266
2004143339
2004143436
2004143533
2004143630
2004143775
2004143860
2004143981
2004144090
2004144175
2004144284
2004144393
2004144478
2004144587
2004144696
2004144805
2004144914
2004144999
2004145108
2004145181
2004145278
2004145375
2004145472
2004145569
2004145666
2004145775
2004145872
2004145957
2004146042
2004146139
2004146236
2004146333
2004146442
2004146539
2004146636
2004146721
2004146818
2004146915
2004147012
2004147121
2004147218
2004147327
2004147412
2004147521
2004147618
2004147727
2004147884
2004147969
2004148054
2004148163
2004148260
2004148369
2004148454
2004148527
2004148612
2004148721
2004148830
2004148915
2004149012
2004149109
2004149206
2004149303
2004149376
2004149461
2004149558
2004149667
2004149776
2004149873
2004149958
2004200410
2004200495
2004200580
2004200689
2004200774
2004200847
2004200920
2004201005
2004201114
2004201211
2004201308
2004201393
2004201478
2004201551
2004201612
2004201685
2004201794
2004201891
2004202000
2004202085
2004202182
2004202279
2004202364
2004202473
2004202558
2004202655
2004202740
2004202837
2004202934
2004203019
2004203140
2004203213
2004203298
2004203407
2004203504
2004203601
2004203686
2004203783
2004203880
2004203989
2004204110
2004204219
2004204316
2004204425
2004204522
2004204607
2004204704
2004204801
2004204886
2004204971
2004205068
2004205129
2004205214
2004205323
2004205516
2004205613
2004205734
2004205879
2004205964
2004206025
2004206110
2004206207
2004206304
2004206389
2004206474
2004206547
2004206632
2004206729
2004206838
2004206899
2004206996
2004207093
2004207190
2004207263
2004254794
2004254891
2004254988
2004255073
2004255146
2004255231
2004255304
2004255401
2004255474
2004255559
2004255644
2004255717
2004255790
2004255875
2004255948
2004256033
2004256142
2004256227
2004256288
2004256385
2004256470
2004256567
2004256652
2004256749
2004256846
2004256943
2004257016
2004257101
2004257186
2004257283
2004257404
2004257489
2004257586
2004257683
2004257780
2004257865
2004257950
2004258059
2004258168
2004258229
2004258326
2004258411
2004258508
2004258653
2004258726
2004258811
2004258920
2004259005
2004259114
2004259187
2004259260
2004259321
2004259394
2004259467
2004259636
2004259781
2004259878
2004259951
2004260060
2004260145
2004260254
2004260315
2004260424
2004260497
2004260582
2004260691
2004260776
2004260873
2004260970
2004261055
2004261128
2004261213
2004261310
2004261395
2004307833
2004307894
2004308003
2004308088
2004308161
2004308234
2004308379
2004308476
2004308585
2004308658
2004308731
2004308828
2004308901
2004308974
2004309059
2004309180
2004309253
2004309350
2004309435
2004309520
2004309593
2004309666
2004309739
2004309812
2004309885
2004310006
2004310079
2004310152
2004310225
2004310298
2004310383
2004310468
2004310553
2004310638
2004310723
2004310796
2004310869
2004310954
2004311039
2004311124
2004311197
2004311282
2004311415
2004311500
2004311585
2004311646
2004311743
2004311816
2004311913
2004312010
2004312083
2004312192
2004312265
2004312350
2004312459
2004312592
2004312665
2004312738
2004312811
2004312896
2004313041
2004313138
2004313223
2004313308
2004313381
2004313466
2004313539
2004313612
2004313673
2004313734
2004313807
2004313880
2004313965
2004314038
2004360547
2004360620
2004360681
2004360766
2004360851
2004360936
2004361021
2004361094
2004361179
2004361240
2004361301
2004361386
2004361507
2004361580
2004361653
2004361738
2004361811
2004361884
2004361957
2004362090
2004362187
2004362308
2004362417
2004362478
2004362575
2004362660
2004362721
2004362794
2004362879
2004362952
2004363025
2004363086
2004363159
2004363232
2004363305
2004363402
2004363475
2004363560
2004363645
2004363730
2004363803
2004363888
2004363961
2004364046
2004364107
2004364204
2004364277
2004364350
2004364447
2004364532
2004364629
2004364702
2004364775
2004364848
2004364933
2004365054
2004365127
2004365200
2004365285
2004365370
2004365455
2004365576
2004365661
2004365734
2004365819
2004365904
2004365977
2004366050
2004366123
2004366196
2004366269
2004366354
2004366427
2004366500
2004366609
2004410025
2004410086
2004410171
2004410256
2004410365
2004410438
2004410511
2004410572
2004410657
2004410730
2004410803
2004410876
2004410949
2004411058
2004411155
2004411228
2004411301
2004411374
2004411447
2004411520
2004411605
2004411678
2004411799
2004411872
2004411945
2004412018
2004412091
2004412224
2004412297
2004412406
2004412503
2004412564
2004412637
2004412710
2004412783
2004412880
2004412953
2004413014
2004413075
2004413136
2004413233
2004413294
2004413367
2004413440
2004413513
2004413586
2004413659
2004413732
2004413805
2004413878
2004413951
2004414024
2004414121
2004414218
2004414291
2004414376
2004414449
2004414534
2004414619
2004414692
2004414777
2004414850
2004414923
2004414996
2004415105
2004415178
2004415239
2004415300
2004415385
2004415458
2004415531
2004415604
2004415677
2004415834
2004461912
2004462117
2004462202
2004462287
2004462360
2004462433
2004462506
2004462579
2004462664
2004462749
2004462822
2004462895
2004463052
2004463137
2004463246
2004463319
2004463392
2004463465
2004463538
2004463623
2004463732
2004463817
2004463890
2004463975
2004464048
2004464193
2004464254
2004464363
2004464448
2004464533
2004464594
2004464679
2004464752
2004464897
2004464970
2004465043
2004465116
2004465225
2004465298
2004465371
2004465444
2004465505
2004465578
2004465651
2004465724
2004465797
2004465870
2004465955
2004466064
2004466137
2004466222
2004466367
2004466488
2004466573
2004466646
2004466719
2004466792
2004466961
2004467034
2004467167
2004467240
2004467313
2004467386
2004467519
2004467616
2004467689
2004467762
2004467835
2004467944
2004468029
2004468150
2004468223
2004468296
2004468369
2004514172
2004514245
2004514414
2004514559
2004514692
2004514789
2004514874
2004514935
2004515008
2004515069
2004515142
2004515275
2004515384
2004515469
2004515542
2004515603
2004515712
2004515785
2004515858
2004515931
2004516004
2004516077
2004516150
2004516331
2004516416
2004516477
2004516550
2004516623
2004516696
2004516805
2004516890
2004516963
2004517072
2004517145
2004517230
2004517303
2004517448
2004517521
2004517594
2004517715
2004517788
2004517861
2004517934
2004518019
2004518116
2004518189
2004518250
2004518335
2004518408
2004518517
2004518650
2004518711
2004518856
2004519001
2004519110
2004519183
2004519244
2004519317
2004519462
2004519547
2004519668
2004519729
2004519838
2004519911
2004519984
2004520057
2004520130
2004520215
2004520348
2004520421
2004520542
2004520615
2004520688
2004520761
