START
2021013778
2021013875
2021013996
2021014105
2021014178
2021014287
2021014372
2021014481
2021014590
2021014663
2021014760
2021014869
2021015014
2021015075
2021015196
2021015293
2021015402
2021015511
2021015584
2021015669
2021015778
2021015851
2021015960
2021016105
2021016178
2021016251
2021016360
2021016457
2021016554
2021016627
2021016724
2021016881
2021016990
2021017099
2021017196
2021017293
2021017366
2021017451
2021017560
2021017633
2021017730
2021017839
2021017912
2021018021
2021018082
2021018179
2021018324
2021018409
2021018518
2021018603
2021018676
2021018797
2021018894
2021018991
2021019064
2021019149
2021019270
2021019379
2021019440
2021019561
2021019658
2021019767
2021019828
2021019937
2021020058
2021020143
2021020252
2021020325
2021020422
2021020519
2021020628
2021020737
2021020822
2021020919
2021020980
2021021089
2021021246
2021021331
2021021464
2021021537
2021021646
2021021755
2021021912
2021022009
2021022106
2021022167
2021022264
2021022373
2021022434
2021022543
2021022652
2021022761
2021022870
2021022955
2021023064
2021023173
2021023282
2021023391
2021023500
2021023633
2021023742
2021125056
2021125201
2021125310
2021125419
2021125528
2021125601
2021125710
2021125771
2021125892
2021126013
2021126134
2021126291
2021126460
2021126605
2021126726
2021126811
2021126908
2021127017
2021127210
2021127355
2021127452
2021127549
2021127622
2021127731
2021127852
2021127949
2021128058
2021128119
2021128228
2021128325
2021128434
2021128531
2021128628
2021128689
2021128798
2021128895
2021129040
2021129125
2021129222
2021129367
2021129452
2021129561
2021129670
2021129743
2021129816
2021129901
2021129986
2021130095
2021130180
2021130277
2021130350
2021130495
2021130592
2021130689
2021130810
2021130943
2021131052
2021131269
2021131378
2021131523
2021131608
2021131717
2021131826
2021131947
2021132044
2021132165
2021132274
2021132455
2021132528
2021132637
2021132734
2021132843
2021132952
2021133157
2021191049
2021191158
2021191267
2021191376
2021191521
2021191618
2021191739
2021191836
2021191957
2021192066
2021192151
2021192248
2021192405
2021192502
2021192587
2021192684
2021192745
2021192842
2021192939
2021193084
2021193193
2021193290
2021193351
2021193436
2021193533
2021193630
2021193727
2021193824
2021193933
2021193994
2021194115
2021194212
2021194333
2021194430
2021194527
2021194600
2021194709
2021194830
2021194951
2021195060
2021195157
2021195242
2021195351
2021195460
2021195593
2021195678
2021195775
2021195884
2021195969
2021196054
2021196151
2021196260
2021196369
2021196466
2021196563
2021196648
2021196721
2021196806
2021196951
2021197084
2021197241
2021197338
2021197447
2021197568
2021197665
2021197762
2021197871
2021197980
2021198065
2021198150
2021198259
2021198368
2021198465
2021198574
2021255622
2021255707
2021255816
2021255901
2021256010
2021256083
2021256204
2021256277
2021256374
2021256495
2021256568
2021256677
2021256750
2021256847
2021256932
2021257029
2021257126
2021257223
2021257368
2021257453
2021257538
2021257635
2021257828
2021257937
2021258010
2021258095
2021258192
2021258289
2021258386
2021258483
2021258568
2021258665
2021258762
2021258847
2021258932
2021259041
2021259126
2021259199
2021259296
2021259381
2021259454
2021259551
2021259648
2021259745
2021259818
2021259915
2021260012
2021260109
2021260206
2021260291
2021260364
2021260449
2021260558
2021260643
2021260740
2021260801
2021260910
2021261007
2021261116
2021261213
2021261310
2021261407
2021261504
2021261613
2021261710
2021261807
2021261916
2021262001
2021262086
2021262171
2021262232
2021262305
2021262378
2021262475
2021315360
2021315445
2021315518
2021315591
2021315688
2021315797
2021315894
2021315991
2021316088
2021316161
2021316234
2021316319
2021316416
2021316501
2021316598
2021316659
2021316756
2021316853
2021316950
2021317047
2021317144
2021317241
2021317326
2021317423
2021317520
2021317617
2021317702
2021317835
2021317944
2021318041
2021318126
2021318199
2021318308
2021318417
2021318526
2021318611
2021318708
2021318805
2021318890
2021318975
2021319132
2021319205
2021319290
2021319375
2021319532
2021319605
2021319690
2021319751
2021319848
2021319933
2021320030
2021320127
2021320188
2021320273
2021320346
2021320455
2021320552
2021320637
2021320722
2021320843
2021321036
2021321133
2021321242
2021321315
2021321412
2021321497
2021321594
2021321739
2021321824
2021321921
2021322018
2021322115
2021322224
2021322333
2021322442
2021373296
2021373381
2021373466
2021373551
2021373648
2021373769
2021373854
2021373939
2021374012
2021374097
2021374182
2021374267
2021374376
2021374473
2021374546
2021374631
2021374728
2021374837
2021374922
2021375007
2021375080
2021375153
2021375250
2021375371
2021375480
2021375553
2021375638
2021375735
2021375820
2021375893
2021375966
2021376051
2021376148
2021376233
2021376306
2021376379
2021376440
2021376513
2021376574
2021376683
2021376756
2021376841
2021376914
2021376999
2021377084
2021377169
2021377242
2021377327
2021377448
2021377545
2021377630
2021377703
2021377788
2021377873
2021377982
2021378055
2021378140
2021378237
2021378322
2021378419
2021378528
2021378601
2021378674
2021378771
2021378856
2021378953
2021379074
2021379147
2021379244
2021379329
2021379426
2021379499
2021379608
2021379693
2021427993
2021428162
2021428259
2021428332
2021428453
2021428538
2021428611
2021428696
2021428769
2021428842
2021428915
2021428988
2021429061
2021429134
2021429231
2021429304
2021429389
2021429462
2021429535
2021429620
2021429717
2021429814
2021429887
2021429960
2021430033
2021430130
2021430215
2021430360
2021430445
2021430530
2021430603
2021430748
2021430857
2021430942
2021431015
2021431088
2021431161
2021431234
2021431295
2021431368
2021431453
2021431526
2021431599
2021431672
2021431757
2021431842
2021431927
2021432000
2021432085
2021432170
2021432255
2021432340
2021432425
2021432498
2021432583
2021432668
2021432741
2021432814
2021432899
2021432972
2021433057
2021433142
2021433215
2021433288
2021433373
2021433446
2021433531
2021433616
2021433689
2021433774
2021433847
2021433932
2021434005
2021477092
2021477165
2021477262
2021477335
2021477420
2021477493
2021477566
2021477675
2021477748
2021477821
2021477894
2021477967
2021478052
2021478125
2021478198
2021478271
2021478344
2021478417
2021478538
2021478623
2021478696
2021478781
2021478854
2021478927
2021479000
2021479085
2021479146
2021479207
2021479280
2021479353
2021479438
2021479523
2021479620
2021479693
2021479778
2021479851
2021479972
2021480057
2021480130
2021480203
2021480288
2021480409
2021480494
2021480567
2021480652
2021480725
2021480798
2021480871
2021480944
2021481017
2021481114
2021481187
2021481272
2021481345
2021481418
2021481527
2021481600
2021481673
2021481758
2021481831
2021481904
2021481977
2021482062
2021482135
2021482208
2021482281
2021482366
2021482439
2021482512
2021482585
2021482730
2021482839
2021482936
2021483009
2021526732
2021526889
2021527010
2021527095
2021527168
2021527253
2021527326
2021527435
2021527568
2021527677
2021527750
2021527859
2021527944
2021528017
2021528090
2021528175
2021528248
2021528321
2021528406
2021528623
2021528696
2021528793
2021528854
2021528939
2021529024
2021529097
2021529170
2021529243
2021529376
2021529449
2021529534
2021529631
2021529716
2021529789
2021529862
2021529923
2021529984
2021530045
2021530118
2021530227
2021530336
2021530409
2021530506
2021530579
2021530664
2021530737
2021530822
2021530931
2021531040
2021531113
2021531198
2021531343
2021531416
2021531489
2021531634
2021531707
2021531780
2021531889
2021531962
2021532035
2021532108
2021532181
2021532254
2021532327
2021532400
2021532473
2021532534
2021532607
2021532692
2021532765
2021532838
2021532911
2021532984
2021533057
2021576591
2021576676
2021576749
2021576870
2021577027
2021577100
2021577161
2021577234
2021577307
2021577404
2021577477
2021577634
2021577707
2021577864
2021577985
2021578058
2021578131
2021578204
2021578277
2021578350
2021578423
2021578484
2021578557
2021578618
2021578703
2021578776
2021578861
2021578934
2021579007
2021579080
2021579153
2021579238
2021579299
2021579372
2021579445
2021579518
2021579615
2021579688
2021579821
2021579894
2021579979
2021580052
2021580125
2021580234
2021580307
2021580380
2021580465
2021580526
2021580599
2021580672
2021580781
2021580926
2021580999
2021581144
2021581241
2021581314
2021581375
2021581448
2021581593
2021581678
2021581775
2021581848
2021581921
2021581994
2021582067
2021582140
2021582201
2021582298
2021582359
2021582432
2021582505
2021582578
2021582675
2021582748
2021629539
2021629600
2021629709
2021629782
2021629867
2021629988
2021630061
2021630134
2021630219
2021630280
2021630389
2021630462
2021630535
2021630608
2021630753
2021630814
2021630887
2021630960
2021631033
2021631106
2021631167
2021631264
2021631325
2021631398
2021631531
2021631604
2021631701
2021631774
2021631919
2021631992
2021632065
2021632150
2021632223
2021632296
2021632369
2021632442
2021632527
2021632600
2021632661
2021632734
2021632795
2021632880
2021632953
2021633074
2021633147
2021633220
2021633293
2021633450
2021633559
2021633632
2021633705
2021633778
2021633851
2021633924
2021634069
2021634178
2021634275
2021634348
2021634409
2021634482
2021634567
2021634640
2021634785
2021634846
2021634955
2021635040
2021635113
2021635186
2021635343
2021635488
2021635573
2021635658
2021635731
2021635840
