START
3830836103
3830836200
3830836309
3830836370
3830836491
3830836612
3830836721
3830836818
3830836963
3830837060
3830837157
3830837278
3830837375
3830837448
3830837569
3830837690
3830837787
3830837896
3830837957
3830838030
3830838127
3830838236
3830838309
3830838406
3830838503
3830838660
3830838781
3830838842
3830838939
3830839084
3830839193
3830839266
3830839363
3830839496
3830839605
3830839678
3830839811
3830839920
3830840029
3830840126
3830840199
3830840368
3830840453
3830840562
3830840671
3830840744
3830840865
3830840974
3830841083
3830841216
3830841325
3830841434
3830841507
3830841616
3830841725
3830841834
3830841907
3830842004
3830842125
3830842222
3830842307
3830842380
3830842501
3830842598
3830842707
3830842804
3830842925
3830843046
3830843167
3830843252
3830843349
3830843422
3830843519
3830843604
3830843713
3830843810
3830843883
3830844016
3830844089
3830844198
3830844295
3830844392
3830844513
3830844610
3830844731
3830844840
3830844949
3830845022
3830845143
3830845252
3830845349
3830845458
3830845567
3830845676
3830845749
3830845858
3830845931
3830846028
3830846161
3830846246
3830846367
3830959327
3830959424
3830959533
3830959642
3830959751
3830959848
3830959957
3830960018
3830960103
3830960212
3830960309
3830960430
3830960539
3830960636
3830960745
3830960818
3830961011
3830961180
3830961289
3830961398
3830961519
3830961616
3830961689
3830961786
3830961895
3830962004
3830962125
3830962222
3830962319
3830962428
3830962513
3830962610
3830962755
3830962876
3830962973
3830963058
3830963203
3830963312
3830963433
3830963542
3830963651
3830963796
3830963881
3830963978
3830964051
3830964172
3830964293
3830964390
3830964547
3830964668
3830964765
3830964862
3830964935
3830965032
3830965129
3830965226
3830965299
3830965396
3830965505
3830965614
3830965723
3830965784
3830965953
3830966050
3830966123
3830966232
3830966317
3830966402
3830966631
3830966764
3830966861
3830966958
3830967055
3831022289
3831022386
3831022495
3831022580
3831022701
3831022798
3831022883
3831022968
3831023065
3831023162
3831023283
3831023380
3831023465
3831023598
3831023851
3831023960
3831024069
3831024190
3831024287
3831024384
3831024445
3831024542
3831024663
3831024760
3831024857
3831024966
3831025075
3831025184
3831025257
3831025366
3831025463
3831025548
3831025657
3831025754
3831025851
3831025936
3831026009
3831026094
3831026203
3831026300
3831026409
3831026518
3831026603
3831026760
3831026869
3831026978
3831027087
3831027184
3831027257
3831027354
3831027451
3831027584
3831027693
3831027778
3831027911
3831027984
3831028069
3831028178
3831028275
3831028432
3831028517
3831028602
3831028711
3831028820
3831028929
3831029038
3831029135
3831029232
3831029329
3831029450
3831029547
3831029620
3831029705
3831029850
3831085862
3831085971
3831086068
3831086153
3831086262
3831086395
3831086480
3831086565
3831086662
3831086783
3831086880
3831087013
3831087122
3831087219
3831087376
3831087497
3831087618
3831087727
3831087836
3831087981
3831088078
3831088175
3831088248
3831088321
3831088406
3831088503
3831088600
3831088709
3831088830
3831088927
3831089024
3831089133
3831089242
3831089351
3831089436
3831089509
3831089606
3831089691
3831089764
3831089861
3831089958
3831090151
3831090260
3831090369
3831090454
3831090563
3831090660
3831090757
3831090842
3831090939
3831091108
3831091193
3831091278
3831091363
3831091472
3831091569
3831091666
3831091751
3831091824
3831091933
3831092018
3831092115
3831092236
3831092321
3831092430
3831092539
3831092636
3831092733
3831092830
3831092915
3831093024
3831093121
3831093194
3831093267
3831144094
3831144167
3831144240
3831144325
3831144434
3831144519
3831144592
3831144677
3831144762
3831144859
3831144956
3831145029
3831145102
3831145175
3831145260
3831145381
3831145478
3831145551
3831145648
3831145745
3831145842
3831145939
3831146024
3831146121
3831146206
3831146291
3831146388
3831146485
3831146570
3831146667
3831146752
3831146861
3831146934
3831147031
3831147128
3831147213
3831147322
3831147419
3831147516
3831147613
3831147710
3831147807
3831147904
3831148001
3831148110
3831148207
3831148304
3831148401
3831148498
3831148583
3831148692
3831148753
3831148838
3831148935
3831149032
3831149129
3831149238
3831149323
3831149396
3831149505
3831149614
3831149687
3831149760
3831149845
3831149978
3831150051
3831150136
3831150221
3831150330
3831150415
3831150512
3831150597
3831150682
3831150791
3831197980
3831198053
3831198162
3831198271
3831198368
3831198453
3831198550
3831198647
3831198732
3831198805
3831198878
3831198951
3831199048
3831199133
3831199230
3831199339
3831199400
3831199485
3831199570
3831199655
3831199752
3831199837
3831199970
3831200067
3831200152
3831200249
3831200334
3831200419
3831200492
3831200577
3831200638
3831200723
3831200796
3831200893
3831200990
3831201075
3831201148
3831201221
3831201294
3831201391
3831201464
3831201573
3831201658
3831201779
3831201876
3831201973
3831202070
3831202155
3831202252
3831202337
3831202422
3831202495
3831202568
3831202653
3831202726
3831202823
3831202896
3831202981
3831203066
3831203139
3831203236
3831203321
3831203418
3831203491
3831203576
3831203637
3831203734
3831203831
3831203904
3831203977
3831204074
3831204159
3831204268
3831204353
3831248959
3831249044
3831249117
3831249226
3831249311
3831249384
3831249457
3831249518
3831249603
3831249688
3831249749
3831249846
3831249931
3831250004
3831250089
3831250174
3831250247
3831250332
3831250417
3831250502
3831250575
3831250708
3831250817
3831250890
3831250963
3831251060
3831251133
3831251230
3831251291
3831251376
3831251485
3831251618
3831251763
3831251848
3831251921
3831252006
3831252079
3831252152
3831252237
3831252334
3831252395
3831252468
3831252541
3831252602
3831252687
3831252748
3831252893
3831252966
3831253039
3831253112
3831253281
3831253354
3831253427
3831253500
3831253597
3831253682
3831253767
3831253840
3831253913
3831253998
3831254083
3831254156
3831254241
3831254314
3831254387
3831254472
3831254545
3831254618
3831254691
3831254776
3831254861
3831254934
3831255007
3831255092
3831299176
3831299273
3831299346
3831299431
3831299504
3831299577
3831299650
3831299735
3831299808
3831299881
3831299942
3831300015
3831300088
3831300161
3831300234
3831300319
3831300404
3831300513
3831300586
3831300683
3831300756
3831300841
3831300914
3831300987
3831301060
3831301145
3831301218
3831301291
3831301364
3831301437
3831301522
3831301619
3831301728
3831301813
3831301886
3831301959
3831302032
3831302105
3831302190
3831302275
3831302360
3831302433
3831302518
3831302603
3831302700
3831302773
3831302846
3831302931
3831303004
3831303077
3831303150
3831303247
3831303332
3831303417
3831303490
3831303575
3831303648
3831303733
3831303794
3831303867
3831303940
3831304013
3831304170
3831304255
3831304328
3831304401
3831304474
3831304559
3831304644
3831304717
3831304790
3831304875
3831305032
3831305153
3831349006
3831349091
3831349152
3831349225
3831349298
3831349383
3831349456
3831349517
3831349602
3831349687
3831349760
3831349821
3831349894
3831350003
3831350076
3831350137
3831350210
3831350283
3831350356
3831350429
3831350526
3831350611
3831350684
3831350757
3831350830
3831350903
3831350988
3831351097
3831351182
3831351267
3831351340
3831351425
3831351534
3831351595
3831351680
3831351753
3831351838
3831351911
3831351972
3831352045
3831352118
3831352191
3831352252
3831352337
3831352410
3831352483
3831352556
3831352617
3831352690
3831352751
3831352824
3831352897
3831352982
3831353055
3831353140
3831353213
3831353286
3831353359
3831353444
3831353529
3831353602
3831353675
3831353748
3831353809
3831353882
3831353955
3831354040
3831354125
3831354198
3831354271
3831354344
3831354417
3831354490
3831354587
3831400227
3831400396
3831400493
3831400566
3831400651
3831400724
3831400797
3831400870
3831400991
3831401076
3831401149
3831401222
3831401295
3831401368
3831401441
3831401514
3831401671
3831401792
3831401865
3831401938
3831402011
3831402072
3831402229
3831402290
3831402363
3831402436
3831402497
3831402570
3831402631
3831402752
3831402837
3831402910
3831402983
3831403044
3831403117
3831403190
3831403263
3831403348
3831403445
3831403530
3831403603
3831403676
3831403749
3831403834
3831403907
3831403980
3831404053
3831404138
3831404307
3831404392
3831404465
3831404538
3831404611
3831404684
3831404817
3831404914
3831405071
3831405204
3831405373
3831405494
3831405603
3831405700
3831405773
3831405834
3831405907
3831406016
3831406113
3831406186
3831406259
3831406392
3831406537
3831406598
3831406707
3831451479
3831451552
3831451613
3831451674
3831451795
3831451856
3831451989
3831452062
3831452267
3831452376
3831452449
3831452510
3831452583
3831452644
3831452765
3831452862
3831452923
3831452984
3831453057
3831453130
3831453203
3831453276
3831453349
3831453410
3831453483
3831453592
3831453665
3831453786
3831453859
3831453932
3831453993
3831454066
3831454163
3831454236
3831454297
3831454370
3831454443
3831454564
3831454649
3831454722
3831454807
3831454916
3831454989
3831455110
3831455183
3831455256
3831455401
3831455510
3831455715
3831455800
3831455861
3831455922
3831456031
3831456140
3831456285
3831456346
3831456419
3831456492
3831456553
3831456662
3831456759
3831456868
3831456941
3831457002
3831457075
3831457184
3831457269
3831457342
3831457427
3831457500
3831457573
3831457646
3831457767
3831457840
