START
1115739218
1115739351
1115739448
1115739557
1115739630
1115739727
1115739800
1115739909
1115740042
1115740139
1115740260
1115740321
1115740442
1115740539
1115740696
1115740817
1115740938
1115741131
1115741252
1115741337
1115741458
1115741567
1115741688
1115741797
1115741858
1115741967
1115742112
1115742233
1115742366
1115742427
1115742536
1115742609
1115742718
1115742815
1115742900
1115743045
1115743154
1115743275
1115743384
1115743481
1115743554
1115743651
1115743796
1115743917
1115744014
1115744075
1115744184
1115744293
1115744390
1115744475
1115744548
1115744645
1115744778
1115744875
1115744936
1115744997
1115745106
1115745179
1115745276
1115745409
1115745470
1115745603
1115745700
1115745797
1115745906
1115746003
1115746064
1115746173
1115746282
1115746391
1115746464
1115746573
1115746682
1115746755
1115746864
1115746985
1115747082
1115747227
1115747324
1115747457
1115747554
1115747699
1115747820
1115747917
1115748026
1115748099
1115748220
1115748341
1115748438
1115748583
1115748692
1115748753
1115748862
1115749007
1115749104
1115749225
1115749346
1115749455
1115749588
1115749709
1115827246
1115827355
1115827464
1115827561
1115827670
1115827791
1115827900
1115828021
1115828118
1115828239
1115828348
1115828457
1115828542
1115828699
1115828784
1115828881
1115828990
1115829063
1115829160
1115829305
1115829426
1115829535
1115829620
1115829729
1115829874
1115830007
1115830104
1115830189
1115830262
1115830347
1115830456
1115830553
1115830614
1115830735
1115830832
1115830953
1115831026
1115831087
1115831172
1115831317
1115831426
1115831511
1115831668
1115831753
1115831862
1115831971
1115832044
1115832153
1115832262
1115832383
1115832480
1115832553
1115832650
1115832759
1115832868
1115832953
1115833038
1115833135
1115833244
1115833389
1115833462
1115833559
1115833656
1115833765
1115833862
1115833947
1115834020
1115834117
1115834226
1115834347
1115834480
1115834577
1115834686
1115834795
1115892812
1115892909
1115893054
1115893151
1115893260
1115893357
1115893430
1115893527
1115893624
1115893745
1115893818
1115893915
1115894024
1115894109
1115894218
1115894303
1115894412
1115894497
1115894594
1115894715
1115894824
1115894945
1115895042
1115895139
1115895248
1115895369
1115895478
1115895587
1115895648
1115895733
1115895830
1115895939
1115896120
1115896193
1115896302
1115896399
1115896508
1115896617
1115896738
1115896835
1115896980
1115897053
1115897114
1115897211
1115897320
1115897429
1115897502
1115897587
1115897696
1115897793
1115897890
1115897963
1115898060
1115898157
1115898302
1115898387
1115898484
1115898593
1115898690
1115898799
1115898860
1115898933
1115899030
1115899139
1115899260
1115899465
1115899574
1115899683
1115899756
1115899841
1115899938
1115900035
1115900132
1115953142
1115953263
1115953360
1115953457
1115953554
1115953663
1115953772
1115953881
1115953990
1115954075
1115954184
1115954293
1115954390
1115954487
1115954596
1115954693
1115954766
1115954851
1115954936
1115955033
1115955130
1115955215
1115955324
1115955433
1115955530
1115955639
1115955748
1115955845
1115955942
1115956051
1115956136
1115956233
1115956342
1115956451
1115956536
1115956633
1115956790
1115956875
1115956960
1115957033
1115957130
1115957239
1115957312
1115957397
1115957470
1115957567
1115957664
1115957725
1115957822
1115957907
1115958016
1115958101
1115958174
1115958247
1115958356
1115958453
1115958562
1115958695
1115958792
1115958901
1115958986
1115959131
1115959240
1115959349
1115959434
1115959543
1115959652
1115959725
1115959822
1115959907
1115960016
1115960161
1115960234
1115960319
1116010125
1116010222
1116010307
1116010404
1116010513
1116010598
1116010695
1116010792
1116010889
1116010998
1116011083
1116011180
1116011289
1116011398
1116011507
1116011616
1116011737
1116011822
1116011883
1116011968
1116012065
1116012174
1116012391
1116012512
1116012621
1116012694
1116012779
1116012888
1116012973
1116013058
1116013131
1116013240
1116013325
1116013398
1116013471
1116013556
1116013641
1116013714
1116013775
1116013860
1116013945
1116014030
1116014127
1116014212
1116014309
1116014382
1116014467
1116014528
1116014625
1116014722
1116014795
1116014856
1116014941
1116015026
1116015111
1116015220
1116015317
1116015414
1116015499
1116015596
1116015681
1116015778
1116015863
1116015936
1116016009
1116016106
1116016179
1116016264
1116016325
1116016410
1116016495
1116016592
1116016677
1116067204
1116067289
1116067374
1116067459
1116067568
1116067641
1116067738
1116067835
1116067908
1116067993
1116068078
1116068151
1116068236
1116068309
1116068418
1116068527
1116068612
1116068721
1116068806
1116068891
1116068952
1116069037
1116069110
1116069171
1116069280
1116069377
1116069462
1116069547
1116069656
1116069741
1116069838
1116069935
1116070008
1116070093
1116070190
1116070299
1116070384
1116070457
1116070542
1116070615
1116070688
1116070773
1116070882
1116071003
1116071088
1116071173
1116071270
1116071355
1116071464
1116071549
1116071646
1116071767
1116071840
1116071937
1116072010
1116072203
1116072396
1116072529
1116072602
1116072795
1116073000
1116073109
1116073170
1116073267
1116073340
1116073425
1116073498
1116073571
1116073656
1116073753
1116073838
1116073911
1116073984
1116074069
1116123758
1116123843
1116123916
1116124025
1116124098
1116124159
1116124232
1116124353
1116124438
1116124523
1116124596
1116124657
1116124754
1116124839
1116124924
1116124997
1116125082
1116125155
1116125228
1116125313
1116125434
1116125495
1116125592
1116125689
1116125762
1116125835
1116125908
1116125969
1116126042
1116126139
1116126224
1116126297
1116126358
1116126455
1116126552
1116126613
1116126686
1116126759
1116126832
1116126929
1116127002
1116127063
1116127136
1116127221
1116127294
1116127367
1116127452
1116127561
1116127646
1116127719
1116127780
1116127877
1116127962
1116128035
1116128108
1116128205
1116128290
1116128375
1116128460
1116128533
1116128594
1116128655
1116128740
1116128849
1116128922
1116128995
1116129104
1116129189
1116129262
1116129335
1116129444
1116129529
1116129614
1116129699
1116175363
1116175436
1116175497
1116175606
1116175703
1116175776
1116175861
1116175934
1116176019
1116176104
1116176189
1116176262
1116176323
1116176384
1116176517
1116176590
1116176663
1116176748
1116176821
1116176894
1116176979
1116177124
1116177197
1116177270
1116177343
1116177440
1116177513
1116177586
1116177647
1116177720
1116177793
1116177878
1116177963
1116178036
1116178109
1116178170
1116178279
1116178340
1116178413
1116178474
1116178535
1116178620
1116178693
1116178778
1116178839
1116178912
1116178997
1116179070
1116179143
1116179216
1116179301
1116179386
1116179543
1116179616
1116179689
1116179762
1116179835
1116179920
1116180005
1116180090
1116180247
1116180344
1116180417
1116180502
1116180563
1116180660
1116180733
1116180806
1116180903
1116180976
1116181061
1116181134
1116181231
1116181328
1116181401
1116226827
1116226900
1116226985
1116227058
1116227131
1116227276
1116227349
1116227422
1116227495
1116227568
1116227641
1116227702
1116227775
1116227860
1116227933
1116228006
1116228091
1116228164
1116228249
1116228310
1116228419
1116228552
1116228649
1116228734
1116228807
1116228952
1116229061
1116229122
1116229183
1116229256
1116229341
1116229414
1116229487
1116229608
1116229681
1116229754
1116229851
1116229924
1116229997
1116230070
1116230167
1116230372
1116230433
1116230494
1116230555
1116230628
1116230689
1116230750
1116230847
1116230920
1116231005
1116231078
1116231151
1116231224
1116231297
1116231370
1116231443
1116231516
1116231613
1116231686
1116231771
1116231856
1116232025
1116232158
1116232267
1116232340
1116232425
1116232510
1116232595
1116232668
1116232741
1116232826
1116232899
1116232972
1116233057
1116274850
1116274923
1116274996
1116275069
1116275178
1116275299
1116275360
1116275481
1116275554
1116275627
1116275700
1116275773
1116275834
1116275907
1116275980
1116276053
1116276210
1116276295
1116276404
1116276477
1116276550
1116276623
1116276744
1116276805
1116276902
1116276987
1116277060
1116277133
1116277206
1116277267
1116277328
1116277425
1116277498
1116277571
1116277668
1116277741
1116277826
1116277887
1116277960
1116278033
1116278106
1116278227
1116278300
1116278373
1116278458
1116278531
1116278616
1116278701
1116278774
1116278847
1116278920
1116279125
1116279210
1116279295
1116279368
1116279441
1116279514
1116279599
1116279672
1116279733
1116279842
1116279951
1116280036
1116280121
1116280206
1116280279
1116280376
1116280461
1116280534
1116280607
1116280728
1116280801
1116280862
1116280923
1116324290
1116324363
1116324424
1116324497
1116324594
1116324655
1116324728
1116324789
1116324862
1116324983
1116325044
1116325153
1116325238
1116325311
1116325384
1116325493
1116325554
1116325627
1116325700
1116325773
1116325846
1116325919
1116325992
1116326065
1116326138
1116326211
1116326296
1116326393
1116326502
1116326575
1116326648
1116326757
1116326830
1116326903
1116327000
1116327085
1116327146
1116327267
1116327352
1116327437
1116327534
1116327607
1116327680
1116327789
1116327874
1116327947
1116328020
1116328141
1116328202
1116328275
1116328360
1116328433
1116328494
1116328567
1116328652
1116328725
1116328798
1116328883
1116328944
1116329005
1116329078
1116329151
1116329224
1116329285
1116329358
1116329431
1116329528
1116329673
1116329782
1116329879
1116329940
1116330013
1116330086
1116330159
