START
2508830241
2508830314
2508830411
2508830508
2508830581
2508830690
2508830763
2508830884
2508830957
2508831042
2508831139
2508831248
2508831321
2508831418
2508831563
2508831660
2508831745
2508831866
2508831975
2508832084
2508832157
2508832302
2508832387
2508832448
2508832569
2508832666
2508832763
2508832884
2508832957
2508833054
2508833127
2508833236
2508833321
2508833382
2508833503
2508833612
2508833685
2508833794
2508833915
2508834024
2508834097
2508834206
2508834291
2508834400
2508834473
2508834570
2508834667
2508834764
2508834837
2508834910
2508834995
2508835092
2508835201
2508835274
2508835371
2508835528
2508835601
2508835770
2508835867
2508835940
2508836013
2508836098
2508836195
2508836268
2508836365
2508836498
2508836679
2508836752
2508836825
2508836922
2508837031
2508837128
2508837189
2508837322
2508837419
2508837492
2508837565
2508837674
2508837747
2508837832
2508837893
2508837990
2508838087
2508838160
2508838233
2508838354
2508838463
2508838536
2508838645
2508838742
2508838815
2508838912
2508839033
2508839106
2508839191
2508839252
2508839349
2508839446
2508839519
2508839664
2508927887
2508928020
2508928177
2508928286
2508928371
2508928492
2508928601
2508928710
2508928783
2508928868
2508928977
2508929050
2508929159
2508929232
2508929329
2508929426
2508929523
2508929608
2508929681
2508929790
2508929875
2508929996
2508930093
2508930178
2508930251
2508930348
2508930469
2508930566
2508930663
2508930736
2508930845
2508930954
2508931027
2508931136
2508931221
2508931378
2508931463
2508931536
2508931657
2508931742
2508931815
2508931900
2508931997
2508932118
2508932215
2508932288
2508932385
2508932470
2508932531
2508932628
2508932737
2508932834
2508932907
2508933004
2508933113
2508933210
2508933343
2508933416
2508933501
2508933598
2508933695
2508933780
2508933889
2508933998
2508934071
2508934192
2508934277
2508934350
2508934435
2508934532
2508934677
2508934774
2508934883
2508935088
2508935161
2508935270
2508935367
2508935440
2508935537
2508935646
2508935755
2508935900
2508936009
2508936106
2508936203
2508936348
2508936457
2508936518
2508936603
2508936700
2508936761
2508936882
2508936967
2508937100
2508937257
2508937342
2508937427
2508937524
2508937609
2508937670
2508937767
2508937900
2508991020
2508991141
2508991238
2508991335
2508991432
2508991541
2508991662
2508991747
2508991832
2508991917
2508992014
2508992087
2508992196
2508992293
2508992366
2508992475
2508992572
2508992669
2508992754
2508992827
2508992912
2508993009
2508993082
2508993179
2508993276
2508993397
2508993542
2508993627
2508993748
2508993869
2508993978
2508994063
2508994136
2508994257
2508994342
2508994463
2508994572
2508994669
2508994766
2508994875
2508994960
2508995045
2508995142
2508995275
2508995336
2508995445
2508995530
2508995651
2508995760
2508995857
2508995966
2508996039
2508996148
2508996233
2508996306
2508996379
2508996500
2508996585
2508996694
2508996803
2508996948
2508997021
2508997118
2508997203
2508997288
2508997385
2508997530
2508997603
2508997724
2508997833
2508998050
2508998135
2508998220
2508998317
2508998426
2508998547
2508998644
2508998741
2508998826
2508998911
2508999068
2508999153
2508999250
2508999359
2508999444
2508999541
2508999626
2508999687
2508999772
2508999881
2509000026
2509000099
2509000196
2509000293
2509000378
2509000571
2509000644
2509000717
2509000790
2509000899
2509000984
2509054464
2509054561
2509054646
2509054743
2509054816
2509054913
2509054998
2509055083
2509055180
2509055253
2509055326
2509055411
2509055520
2509055605
2509055714
2509055811
2509055908
2509056017
2509056114
2509056187
2509056308
2509056393
2509056502
2509056599
2509056672
2509056733
2509056830
2509056927
2509057096
2509057181
2509057266
2509057339
2509057412
2509057485
2509057570
2509057643
2509057836
2509057921
2509058078
2509058151
2509058248
2509058333
2509058406
2509058491
2509058576
2509058649
2509058722
2509058819
2509058904
2509059013
2509059074
2509059147
2509059232
2509059317
2509059426
2509059523
2509059608
2509059681
2509059754
2509059851
2509059924
2509060009
2509060094
2509060167
2509060264
2509060349
2509060422
2509060531
2509060616
2509060689
2509060786
2509060871
2509061016
2509061101
2509061186
2509061295
2509061404
2509061477
2509061562
2509061647
2509061744
2509061841
2509061914
2509062059
2509062132
2509062217
2509062326
2509062435
2509062556
2509062725
2509062810
2509062883
2509063004
2509063113
2509063234
2509063355
2509063524
2509063597
2509063670
2509063755
2509063828
2509116601
2509116662
2509116771
2509116844
2509116953
2509117050
2509117123
2509117208
2509117293
2509117402
2509117499
2509117584
2509117681
2509117790
2509117875
2509117984
2509118105
2509118202
2509118275
2509118336
2509118433
2509118530
2509118627
2509118736
2509118833
2509118942
2509119015
2509119148
2509119245
2509119354
2509119451
2509119536
2509119597
2509119694
2509119779
2509119864
2509119937
2509120010
2509120107
2509120204
2509120277
2509120398
2509120507
2509120604
2509120725
2509120846
2509120919
2509120992
2509121101
2509121186
2509121271
2509121368
2509121453
2509121586
2509121695
2509121780
2509121853
2509121962
2509122047
2509122120
2509122205
2509122290
2509122399
2509122484
2509122641
2509122714
2509122811
2509122932
2509123017
2509123090
2509123175
2509123248
2509123357
2509123442
2509123527
2509123612
2509123685
2509123770
2509123855
2509123952
2509124037
2509124134
2509124255
2509124352
2509124425
2509124510
2509124655
2509124728
2509124825
2509124910
2509125007
2509125152
2509125225
2509125298
2509125383
2509125468
2509125553
2509125626
2509125711
2509125772
2509125857
2509125954
2509174873
2509175006
2509175079
2509175152
2509175237
2509175322
2509175407
2509175480
2509175577
2509175638
2509175711
2509175808
2509175881
2509175966
2509176063
2509176160
2509176245
2509176330
2509176415
2509176500
2509176645
2509176730
2509176803
2509176900
2509176985
2509177094
2509177179
2509177252
2509177325
2509177410
2509177495
2509177568
2509177665
2509177762
2509177859
2509177944
2509178017
2509178090
2509178163
2509178236
2509178297
2509178370
2509178443
2509178516
2509178589
2509178698
2509178819
2509178892
2509178989
2509179110
2509179183
2509179280
2509179365
2509179426
2509179499
2509179584
2509179693
2509179790
2509179935
2509180008
2509180081
2509180154
2509180263
2509180384
2509180457
2509180530
2509180603
2509180676
2509180749
2509180822
2509180919
2509181004
2509181077
2509181150
2509181259
2509181344
2509181441
2509181562
2509181635
2509181720
2509181817
2509181890
2509181951
2509182024
2509182133
2509182230
2509182303
2509182400
2509182461
2509182558
2509182643
2509182716
2509182825
2509182922
2509183007
2509183092
2509183165
2509183286
2509183395
2509183504
2509229693
2509229766
2509229851
2509229924
2509229997
2509230082
2509230155
2509230240
2509230313
2509230386
2509230471
2509230544
2509230665
2509230738
2509230823
2509230896
2509230981
2509231054
2509231139
2509231236
2509231333
2509231430
2509231503
2509231600
2509231673
2509231758
2509231831
2509231952
2509232025
2509232098
2509232171
2509232280
2509232365
2509232438
2509232535
2509232608
2509232681
2509232790
2509232863
2509232936
2509233045
2509233118
2509233179
2509233276
2509233361
2509233470
2509233543
2509233628
2509233701
2509233774
2509233871
2509233944
2509234065
2509234186
2509234271
2509234356
2509234429
2509234598
2509234707
2509234780
2509234853
2509234926
2509234999
2509235096
2509235193
2509235266
2509235339
2509235412
2509235497
2509235606
2509235715
2509235788
2509235873
2509235958
2509236043
2509236116
2509236189
2509236262
2509236359
2509236444
2509236529
2509236626
2509236711
2509236784
2509236857
2509236966
2509237039
2509237136
2509237209
2509237282
2509237367
2509237440
2509237549
2509237634
2509237719
2509237792
2509237865
2509237938
2509238035
2509238144
2509238217
2509284683
2509284756
2509284841
2509284914
2509285035
2509285120
2509285241
2509285350
2509285435
2509285508
2509285629
2509285714
2509285823
2509285896
2509285993
2509286066
2509286199
2509286272
2509286345
2509286418
2509286479
2509286552
2509286625
2509286698
2509286759
2509286832
2509286917
2509286990
2509287051
2509287148
2509287233
2509287318
2509287379
2509287464
2509287537
2509287634
2509287707
2509287792
2509287877
2509287962
2509288047
2509288120
2509288241
2509288302
2509288387
2509288460
2509288545
2509288654
2509288739
2509288812
2509288969
2509289042
2509289127
2509289200
2509289273
2509289358
2509289467
2509289540
2509289613
2509289686
2509289771
2509289844
2509289989
2509290074
2509290159
2509290256
2509290329
2509290390
2509290463
2509290548
2509290645
2509290754
2509290839
2509290924
2509290997
2509291070
2509291167
2509291240
2509291325
2509291398
2509291507
2509291592
2509291701
2509291774
2509291847
2509291956
2509292029
2509292102
2509292211
2509292284
2509292357
2509292430
2509292515
2509292612
2509292673
2509292782
2509292891
2509292976
2509293097
2509293170
2509293255
2509339904
2509339965
2509340038
2509340111
2509340184
2509340257
2509340354
2509340451
2509340524
2509340597
2509340670
2509340743
2509340816
2509340889
2509340974
2509341059
2509341180
2509341253
2509341326
2509341399
2509341496
2509341569
2509341678
2509341763
2509341836
2509341921
2509341994
2509342091
2509342176
2509342273
2509342382
2509342515
2509342576
2509342649
2509342770
2509342891
2509343012
2509343121
2509343230
2509343351
2509343436
2509343545
2509343654
2509343763
2509343836
2509343909
2509343994
2509344067
2509344140
2509344213
2509344298
2509344359
2509344420
2509344493
2509344566
2509344663
2509344724
2509344797
2509344870
2509344943
2509345052
2509345125
2509345198
2509345283
2509345356
2509345441
2509345538
2509345623
2509345696
2509345805
2509345890
2509345987
2509346060
2509346157
2509346242
2509346315
2509346424
2509346533
2509346642
2509346751
2509346848
2509346933
2509347030
2509347127
2509347212
2509347285
2509347358
2509347419
2509347516
2509347577
2509347638
2509347723
2509347796
2509347881
2509347942
2509348063
2509348124
2509348185
2509348258
2509348355
2509348428
2509348489
2509393439
2509393512
2509393585
2509393658
2509393731
2509393804
2509393889
2509394010
2509394083
2509394168
2509394241
2509394314
2509394387
2509394460
2509394521
2509394594
2509394679
2509394764
2509394849
2509394922
2509394995
2509395056
2509395129
2509395226
2509395299
2509395372
2509395445
2509395518
2509395591
2509395676
2509395773
2509395858
2509395931
2509396004
2509396065
2509396138
2509396223
2509396296
2509396357
2509396418
2509396491
2509396564
2509396661
2509396734
2509396819
2509396892
2509396953
2509397026
2509397099
2509397184
2509397257
2509397330
2509397403
2509397476
2509397549
2509397622
2509397743
2509397816
2509397889
2509397962
2509398035
2509398108
2509398169
2509398242
2509398315
2509398376
2509398437
2509398546
2509398631
2509398728
2509398801
2509398874
2509398959
2509399032
2509399117
2509399202
2509399287
2509399348
2509399421
2509399518
2509399615
2509399688
2509399785
2509399870
2509399967
2509400040
2509400137
2509400246
2509400391
2509400464
2509400537
2509400646
2509400731
2509400804
2509400901
2509400974
2509401107
2509401168
2509401265
2509401338
2509401423
2509401508
2509449489
2509449574
2509449659
2509449732
2509449853
2509449926
2509449999
2509450084
2509450157
2509450230
2509450327
2509450400
2509450473
2509450534
2509450631
2509450716
2509450789
2509450886
2509450959
2509451032
2509451105
2509451178
2509451251
2509451348
2509451421
2509451506
2509451567
2509451640
2509451713
2509451786
2509451859
2509451944
2509452017
2509452090
2509452175
2509452260
2509452345
2509452418
2509452491
2509452564
2509452649
2509452722
2509452795
2509452856
2509452929
2509453002
2509453099
2509453208
2509453281
2509453378
2509453451
2509453536
2509453609
2509453670
2509453743
2509453816
2509453889
2509453962
2509454035
2509454120
2509454193
2509454254
2509454339
2509454448
2509454569
2509454702
2509454775
2509454848
2509454945
2509455006
2509455079
2509455188
2509455297
2509455370
2509455479
2509455624
2509455805
2509455866
2509455999
2509456096
2509456205
2509456362
2509456483
2509456568
2509456677
2509456798
2509456907
2509457016
2509457161
2509457330
2509457415
2509457488
2509457549
2509457622
2509457695
2509457780
2509457853
2509457914
2509458023
2509458132
2509458253
