START
1114693458
1114693567
1114693688
1114693833
1114693906
1114694015
1114694148
1114694245
1114694354
1114694427
1114694536
1114694645
1114694754
1114694899
1114695008
1114695069
1114695166
1114695263
1114695372
1114695445
1114695554
1114695663
1114695760
1114695857
1114695918
1114695991
1114696112
1114696209
1114696318
1114696415
1114696500
1114696609
1114696754
1114696875
1114696984
1114697057
1114697142
1114697251
1114697312
1114697421
1114697566
1114697675
1114697784
1114697893
1114697966
1114698063
1114698124
1114698245
1114698354
1114698511
1114698608
1114698705
1114698838
1114698935
1114699044
1114699117
1114699238
1114699347
1114699432
1114699553
1114699650
1114699759
1114699880
1114699941
1114700074
1114700183
1114700280
1114700377
1114700462
1114700559
1114700680
1114700753
1114700862
1114700947
1114701008
1114701105
1114701226
1114701335
1114701444
1114701505
1114701614
1114701699
1114701760
1114701869
1114701942
1114702039
1114702160
1114702269
1114702378
1114702451
1114702536
1114702681
1114702778
1114702887
1114703020
1114703117
1114703214
1114703335
1114703408
1114703505
1114703602
1114767616
1114767725
1114767882
1114767955
1114768040
1114768149
1114768258
1114768379
1114768440
1114768597
1114768682
1114768779
1114768840
1114768913
1114768998
1114769083
1114769180
1114769301
1114769374
1114769495
1114769580
1114769749
1114769834
1114769931
1114769992
1114770089
1114770174
1114770283
1114770392
1114770501
1114770610
1114770731
1114770840
1114770937
1114771022
1114771107
1114771216
1114771325
1114771458
1114771603
1114771712
1114771821
1114771918
1114771991
1114772076
1114772173
1114772282
1114772355
1114772428
1114772513
1114772598
1114772707
1114772816
1114772913
1114773010
1114773119
1114773216
1114773313
1114773398
1114773507
1114773616
1114773737
1114773798
1114773883
1114773992
1114774089
1114774198
1114774319
1114774428
1114774513
1114774622
1114774695
1114774816
1114774925
1114775034
1114775143
1114775252
1114775397
1114775494
1114775591
1114775724
1114775833
1114775942
1114776027
1114776124
1114776233
1114776330
1114776427
1114776500
1114776597
1114776694
1114776791
1114776900
1114776961
1114777058
1114777155
1114777264
1114777373
1114777470
1114777543
1114777652
1114835357
1114835466
1114835539
1114835624
1114835709
1114835806
1114835915
1114835988
1114836085
1114836194
1114836291
1114836376
1114836473
1114836582
1114836679
1114836812
1114836933
1114837030
1114837127
1114837200
1114837273
1114837466
1114837563
1114837672
1114837781
1114837878
1114837999
1114838096
1114838193
1114838278
1114838387
1114838460
1114838557
1114838630
1114838715
1114838884
1114838981
1114839054
1114839151
1114839296
1114839393
1114839478
1114839563
1114839636
1114839745
1114839830
1114839915
1114840012
1114840097
1114840170
1114840267
1114840364
1114840449
1114840522
1114840619
1114840716
1114840837
1114840922
1114841067
1114841176
1114841249
1114841334
1114841431
1114841504
1114841577
1114841662
1114841735
1114841844
1114841929
1114842038
1114842135
1114842208
1114842305
1114842390
1114842463
1114842536
1114842609
1114842694
1114842791
1114842924
1114843009
1114843118
1114843239
1114843336
1114843421
1114843494
1114843591
1114843676
1114843773
1114843858
1114843931
1114844016
1114844101
1114844210
1114844307
1114844416
1114844513
1114844622
1114844695
1114844768
1114844865
1114898219
1114898316
1114898413
1114898486
1114898583
1114898680
1114898777
1114898874
1114898947
1114899056
1114899153
1114899238
1114899335
1114899432
1114899541
1114899626
1114899711
1114899820
1114899905
1114899990
1114900063
1114900148
1114900245
1114900342
1114900439
1114900548
1114900645
1114900754
1114900839
1114900924
1114901033
1114901118
1114901227
1114901312
1114901409
1114901494
1114901555
1114901652
1114901749
1114901822
1114901919
1114902028
1114902113
1114902186
1114902283
1114902368
1114902453
1114902550
1114902659
1114902744
1114902829
1114902902
1114902987
1114903072
1114903181
1114903266
1114903387
1114903520
1114903605
1114903702
1114903811
1114903896
1114904017
1114904126
1114904223
1114904320
1114904393
1114904466
1114904623
1114904708
1114904805
1114904878
1114904987
1114905084
1114905157
1114905242
1114905339
1114905412
1114905533
1114905618
1114905715
1114905788
1114905849
1114905922
1114906007
1114906092
1114906189
1114906262
1114906335
1114906408
1114906505
1114906638
1114906711
1114906820
1114906941
1114907014
1114907111
1114907208
1114907305
1114907390
1114907487
1114907560
1114955057
1114955202
1114955335
1114955420
1114955517
1114955614
1114955711
1114955796
1114955893
1114956014
1114956135
1114956208
1114956281
1114956402
1114956523
1114956632
1114956717
1114956802
1114956899
1114957008
1114957105
1114957190
1114957299
1114957372
1114957469
1114957566
1114957651
1114957736
1114957833
1114957906
1114957967
1114958052
1114958137
1114958210
1114958307
1114958404
1114958501
1114958586
1114958683
1114958792
1114958889
1114958974
1114959059
1114959132
1114959205
1114959290
1114959375
1114959472
1114959569
1114959666
1114959751
1114959860
1114959933
1114960018
1114960091
1114960164
1114960273
1114960394
1114960503
1114960576
1114960649
1114960710
1114960795
1114960880
1114960965
1114961050
1114961135
1114961244
1114961329
1114961402
1114961583
1114961656
1114961717
1114961790
1114961875
1114961984
1114962093
1114962166
1114962251
1114962372
1114962457
1114962554
1114962651
1114962724
1114962809
1114962978
1114963063
1114963136
1114963233
1114963330
1114963451
1114963524
1114963609
1114963694
1114963767
1114963864
1114963961
1114964058
1114964131
1115012969
1115013066
1115013175
1115013296
1115013381
1115013454
1115013527
1115013612
1115013697
1115013770
1115013843
1115013916
1115014001
1115014122
1115014207
1115014280
1115014365
1115014438
1115014511
1115014584
1115014657
1115014730
1115014803
1115014912
1115014985
1115015070
1115015179
1115015276
1115015349
1115015482
1115015567
1115015664
1115015749
1115015822
1115015895
1115015968
1115016101
1115016174
1115016259
1115016344
1115016429
1115016514
1115016587
1115016672
1115016781
1115016878
1115016963
1115017060
1115017133
1115017206
1115017303
1115017388
1115017461
1115017534
1115017607
1115017680
1115017753
1115017826
1115017911
1115017996
1115018093
1115018190
1115018263
1115018336
1115018409
1115018494
1115018567
1115018652
1115018713
1115018774
1115018871
1115019016
1115019101
1115019210
1115019283
1115019356
1115019453
1115019538
1115019611
1115019684
1115019793
1115019890
1115019987
1115020060
1115020121
1115020194
1115020279
1115020376
1115020485
1115020570
1115020643
1115020740
1115020813
1115020898
1115020983
1115021056
1115021141
1115021214
1115021299
1115021384
1115067408
1115067481
1115067542
1115067639
1115067712
1115067785
1115067858
1115067955
1115068016
1115068089
1115068162
1115068271
1115068332
1115068405
1115068526
1115068599
1115068672
1115068745
1115068818
1115068879
1115068940
1115069013
1115069086
1115069159
1115069220
1115069305
1115069366
1115069451
1115069524
1115069597
1115069670
1115069755
1115069852
1115069925
1115069998
1115070059
1115070132
1115070205
1115070278
1115070351
1115070460
1115070581
1115070654
1115070727
1115070812
1115070885
1115070958
1115071031
1115071104
1115071189
1115071262
1115071371
1115071456
1115071541
1115071614
1115071699
1115071784
1115071869
1115071942
1115072015
1115072100
1115072221
1115072282
1115072355
1115072440
1115072525
1115072586
1115072659
1115072732
1115072805
1115072878
1115072951
1115073024
1115073109
1115073182
1115073255
1115073340
1115073449
1115073546
1115073619
1115073692
1115073765
1115073862
1115073935
1115074008
1115074141
1115074226
1115074359
1115074420
1115074517
1115074602
1115074675
1115074760
1115074857
1115074942
1115075015
1115075112
1115075209
1115075294
1115075367
1115075440
1115075525
1115118908
1115118969
1115119042
1115119115
1115119236
1115119309
1115119382
1115119467
1115119588
1115119649
1115119722
1115119795
1115119868
1115119941
1115120038
1115120111
1115120184
1115120257
1115120330
1115120403
1115120464
1115120537
1115120610
1115120683
1115120756
1115120829
1115120902
1115120975
1115121036
1115121169
1115121254
1115121339
1115121400
1115121497
1115121570
1115121643
1115121728
1115121837
1115121910
1115122007
1115122080
1115122153
1115122226
1115122299
1115122372
1115122445
1115122518
1115122591
1115122664
1115122749
1115122834
1115122931
1115123004
1115123101
1115123174
1115123247
1115123308
1115123369
1115123466
1115123539
1115123612
1115123697
1115123794
1115123879
1115123988
1115124061
1115124122
1115124195
1115124268
1115124353
1115124426
1115124511
1115124584
1115124657
1115124742
1115124827
1115124948
1115125021
1115125130
1115125215
1115125312
1115125433
1115125494
1115125567
1115125676
1115125749
1115125822
1115125895
1115125968
1115126041
1115126138
1115126271
1115126356
1115126417
1115126478
1115126551
1115126624
1115126709
1115126782
1115126843
1115126928
1115127013
1115173872
1115173933
1115174030
1115174103
1115174176
1115174249
1115174322
1115174407
1115174480
1115174541
1115174602
1115174675
1115174760
1115174833
1115174906
1115174967
1115175040
1115175137
1115175234
1115175319
1115175392
1115175477
1115175550
1115175611
1115175696
1115175769
1115175842
1115175963
1115176036
1115176109
1115176230
1115176315
1115176388
1115176485
1115176558
1115176643
1115176752
1115176813
1115176898
1115177007
1115177080
1115177141
1115177250
1115177359
1115177444
1115177517
1115177674
1115177771
1115177844
1115177917
1115177990
1115178063
1115178148
1115178221
1115178318
1115178391
1115178464
1115178537
1115178610
1115178683
1115178756
1115178865
1115178938
1115179011
1115179084
1115179145
1115179206
1115179279
1115179352
1115179413
1115179486
1115179583
1115179656
1115179741
1115179814
1115179899
1115179960
1115180057
1115180130
1115180203
1115180276
1115180349
1115180422
1115180495
1115180568
1115180689
1115180810
1115180883
1115180968
1115181053
1115181126
1115181199
1115181296
1115181357
1115181418
1115181503
1115181576
1115181685
1115181758
1115181831
1115181904
1115225497
1115225558
1115225631
1115225740
1115225849
1115226006
1115226079
1115226152
1115226225
1115226322
1115226383
1115226456
1115226529
1115226602
1115226675
1115226748
1115226833
1115226918
1115226991
1115227064
1115227137
1115227210
1115227295
1115227368
1115227429
1115227514
1115227575
1115227660
1115227721
1115227794
1115227867
1115227940
1115228025
1115228098
1115228171
1115228244
1115228317
1115228414
1115228487
1115228548
1115228609
1115228718
1115228791
1115228864
1115228973
1115229046
1115229143
1115229216
1115229325
1115229398
1115229543
1115229616
1115229737
1115229810
1115229895
1115229968
1115230041
1115230114
1115230187
1115230260
1115230333
1115230394
1115230479
1115230552
1115230673
1115230734
1115230807
1115230880
1115230953
1115231026
1115231099
1115231160
1115231233
1115231318
1115231415
1115231500
1115231573
1115231646
1115231707
1115231768
1115231841
1115231926
1115231987
1115232060
1115232121
1115232218
1115232291
1115232400
1115232473
1115232546
1115232643
1115232752
1115232849
1115232922
1115232995
1115233104
1115233177
1115233250
1115233359
1115233432
1115233493
1115278871
1115278956
1115279077
1115279138
1115279223
1115279332
1115279393
1115279466
1115279563
1115279660
1115279757
1115279842
1115279987
1115280072
1115280145
1115280218
1115280303
1115280364
1115280485
1115280570
1115280643
1115280800
1115280945
1115281102
1115281199
1115281320
1115281429
1115281514
1115281599
1115281684
1115281769
1115281878
1115281951
1115282072
1115282145
1115282218
1115282291
1115282388
1115282461
1115282534
1115282619
1115282692
1115282765
1115282874
1115282947
1115283020
1115283105
1115283178
1115283251
1115283336
1115283421
1115283494
1115283579
1115283640
1115283725
1115283858
1115283943
1115284016
1115284113
1115284210
1115284355
1115284428
1115284501
1115284562
1115284671
1115284780
1115284853
1115284962
1115285035
1115285120
1115285181
1115285242
1115285327
1115285388
1115285545
1115285618
1115285691
1115285764
1115285837
1115285958
1115286079
1115286152
1115286213
1115286286
1115286359
1115286432
1115286505
1115286566
1115286639
1115286700
1115286773
1115286858
1115286931
1115287028
1115287101
1115287174
1115287247
1115287332
1115287393
1115287466
1115287539
1115287612
