START
4294635593
4294635726
4294635835
4294635944
4294636065
4294636174
4294636307
4294636416
4294636501
4294636562
4294636659
4294636768
4294636877
4294636998
4294637119
4294637240
4294637313
4294637410
4294637495
4294637556
4294637677
4294637774
4294637871
4294637980
4294638101
4294638282
4294638355
4294638476
4294638585
4294638694
4294638791
4294638852
4294638961
4294639058
4294639167
4294639288
4294639361
4294639458
4294639555
4294639628
4294639737
4294639846
4294639943
4294640052
4294640185
4294640258
4294640367
4294640476
4294640645
4294640718
4294640815
4294640912
4294641009
4294641082
4294641179
4294641288
4294641349
4294641470
4294641591
4294641712
4294641857
4294641978
4294642087
4294642208
4294642341
4294642462
4294642583
4294642680
4294642789
4294642886
4294642983
4294643092
4294643225
4294643346
4294643467
4294643600
4294643697
4294643830
4294643939
4294644060
4294644169
4294644290
4294644387
4294644484
4294644581
4294644690
4294644811
4294644908
4294645017
4294645126
4294645235
4294645392
4294645513
4294645610
4294645719
4294645840
4294645961
4294646094
4294646215
4294724189
4294724286
4294724395
4294724552
4294724661
4294724770
4294724891
4294724964
4294725073
4294725170
4294725279
4294725388
4294725581
4294725702
4294725811
4294726004
4294726137
4294726246
4294726403
4294726512
4294726597
4294726694
4294726803
4294726960
4294727069
4294727166
4294727263
4294727408
4294727505
4294727602
4294727663
4294727772
4294727869
4294727966
4294728039
4294728136
4294728245
4294728342
4294728427
4294728524
4294728633
4294728826
4294728899
4294728996
4294729093
4294729202
4294729299
4294729408
4294729517
4294729650
4294729759
4294729856
4294730001
4294730110
4294730195
4294730292
4294730401
4294730558
4294730655
4294730752
4294730873
4294730970
4294731199
4294731296
4294731393
4294731502
4294731647
4294731768
4294731865
4294731962
4294732059
4294732168
4294732277
4294732434
4294732531
4294732628
4294732725
4294732870
4294732955
4294733112
4294733221
4294733306
4294733403
4294733500
4294733609
4294733718
4294733827
4294733900
4294733985
4294734094
4294734203
4294734300
4294734421
4294734518
4294734639
4294734760
4294734869
4294734978
4294735087
4294735196
4294735305
4294735414
4294735511
4294796818
4294796951
4294797048
4294797121
4294797242
4294797339
4294797448
4294797653
4294797810
4294797895
4294798004
4294798089
4294798198
4294798295
4294798392
4294798501
4294798646
4294798767
4294798840
4294798961
4294799046
4294799131
4294799252
4294799349
4294799446
4294799567
4294799676
4294799773
4294799870
4294799979
4294800088
4294800197
4294800306
4294800415
4294800524
4294800621
4294800718
4294800827
4294800936
4294801021
4294801166
4294801263
4294801360
4294801445
4294801542
4294801651
4294801748
4294801857
4294801966
4294802075
4294802160
4294802305
4294802414
4294802499
4294802584
4294802741
4294802850
4294802959
4294803044
4294803141
4294803250
4294803359
4294803456
4294803553
4294803650
4294803819
4294803904
4294803977
4294804098
4294804171
4294804424
4294804497
4294804582
4294804691
4294804788
4294804897
4294805030
4294805127
4294805248
4294805333
4294805430
4294805527
4294805636
4294805745
4294805854
4294805951
4294806072
4294806181
4294806290
4294806399
4294806508
4294806605
4294806702
4294806811
4294806932
4294807017
4294807162
4294807259
4294807356
4294807453
4294807550
4294863070
4294863179
4294863252
4294863313
4294863398
4294863507
4294863592
4294863689
4294863798
4294863883
4294863980
4294864077
4294864162
4294864259
4294864368
4294864477
4294864574
4294864659
4294864756
4294864853
4294864974
4294865095
4294865180
4294865265
4294865362
4294865459
4294865544
4294865653
4294865738
4294865835
4294865932
4294866017
4294866126
4294866211
4294866320
4294866417
4294866538
4294866611
4294866696
4294866805
4294866902
4294866999
4294867120
4294867193
4294867338
4294867435
4294867532
4294867617
4294867714
4294867823
4294867944
4294868029
4294868126
4294868223
4294868320
4294868405
4294868550
4294868659
4294868756
4294868865
4294868950
4294869035
4294869132
4294869229
4294869314
4294869411
4294869508
4294869629
4294869726
4294869799
4294869884
4294870005
4294870102
4294870199
4294870284
4294870393
4294870478
4294870551
4294870648
4294870757
4294870854
4294870951
4294871060
4294871145
4294871230
4294871315
4294871412
4294871497
4294871594
4294871679
4294871764
4294871861
4294871946
4294872043
4294872140
4294872237
4294872322
4294872419
4294872528
4294872649
4294922286
4294922383
4294922468
4294922553
4294922650
4294922735
4294922832
4294922917
4294923002
4294923075
4294923160
4294923245
4294923342
4294923415
4294923524
4294923609
4294923694
4294923767
4294923840
4294923925
4294924010
4294924119
4294924192
4294924289
4294924374
4294924471
4294924568
4294924641
4294924738
4294924835
4294924908
4294925005
4294925102
4294925187
4294925284
4294925381
4294925466
4294925551
4294925624
4294925721
4294925818
4294925903
4294925988
4294926085
4294926170
4294926255
4294926352
4294926425
4294926522
4294926607
4294926692
4294926801
4294926886
4294926971
4294927068
4294927165
4294927250
4294927323
4294927420
4294927517
4294927602
4294927699
4294927784
4294927881
4294927978
4294928087
4294928172
4294928269
4294928366
4294928451
4294928548
4294928657
4294928742
4294928827
4294928936
4294929033
4294929130
4294929227
4294929312
4294929421
4294929518
4294929783
4294929892
4294929977
4294930086
4294930159
4294930256
4294930353
4294930462
4294930547
4294930644
4294930729
4294930826
4294930935
4294931032
4294931117
4294931214
4294931311
4294931408
4294931505
4294931590
14958
15031
15128
15285
15418
15491
15588
15661
15734
15807
15892
15977
16074
16147
16220
16305
16378
16463
16548
16621
16706
16779
16852
16925
16998
17071
17156
17229
17314
17411
17484
17569
17654
17739
17836
17909
17994
18079
18164
18237
18310
18383
18468
18553
18626
18711
18784
18881
18954
19027
19100
19173
19246
19343
19416
19501
19586
19659
19744
19817
20022
20095
20192
20265
20338
20423
20508
20581
20666
20751
20836
20921
20994
21079
21164
21237
21310
21383
21456
21529
21626
21711
21784
21869
21954
22039
22124
22221
22294
22391
22476
22561
22646
22743
22816
22901
23094
23191
23264
23361
23446
69163
69248
69321
69406
69491
69552
69661
69734
69819
69892
69977
70062
70135
70232
70305
70390
70463
70536
70633
70718
70815
70924
70997
71070
71155
71240
71313
71398
71483
71556
71629
71714
71787
71860
71933
72018
72091
72164
72249
72322
72395
72480
72553
72626
72711
72832
72929
73002
73111
73184
73245
73330
73403
73500
73561
73634
73719
73792
73865
73950
74023
74096
74181
74266
74339
74424
74521
74594
74667
74752
74825
74910
74995
75080
75177
75250
75335
75408
75493
75578
75651
75736
75809
75894
75979
76064
76149
76234
76307
76392
76477
76550
76635
76720
76817
76890
76987
77060
77145
77218
120617
120690
120775
120860
120921
121006
121079
121164
121225
121310
121383
121468
121529
121602
121663
121772
121845
121918
122003
122076
122149
122222
122295
122368
122429
122502
122587
122660
122733
122794
122867
122952
123025
123098
123159
123256
123317
123402
123475
123548
123621
123694
123767
123840
123925
123986
124071
124144
124217
124302
124423
124508
124581
124642
124727
124800
124873
124958
125031
125104
125165
125226
125299
125372
125445
125530
125591
125664
125737
125810
125871
125944
126017
126078
126163
126236
126309
126370
126431
126504
126601
126674
126819
126940
127025
127098
127195
127304
127401
127510
127595
127668
127741
127814
127887
127972
128045
128118
128191
128264
128337
170092
170249
170322
170395
170468
170577
170662
170735
170808
170869
170942
171051
171160
171221
171294
171367
171452
171525
171682
171827
171888
171961
172034
172107
172168
172229
172326
172435
172496
172569
172642
172715
172788
172861
172922
172983
173056
173129
173202
173275
173348
173421
173482
173555
173628
173785
173906
173979
174040
174101
174198
174319
174392
174465
174538
174599
174720
174805
174878
175011
175096
175181
175254
175327
175484
175557
175630
175763
175896
175957
176030
176103
176164
176249
176322
176383
176456
176517
176590
176675
176796
176869
176930
177003
177076
177149
177222
177295
177500
177585
177658
177731
177816
177925
177998
178071
178144
178217
178434
178507
222776
222897
223006
223103
223308
223417
223526
223611
223768
223925
224034
224107
224180
224277
224386
224495
224616
224737
224846
224907
224968
225125
225198
225307
225380
225453
225574
225671
225744
225865
225938
226011
226084
226157
226290
226363
226424
226485
226558
226631
226704
226777
226886
226959
227032
227141
227262
227371
227456
227517
227590
227663
227736
227881
227954
228027
228100
228209
228282
228367
228488
228597
228670
228743
228816
228961
229070
229155
229228
229301
229374
229435
229508
229581
229642
229715
229788
229861
229970
230079
230152
230249
230346
230419
230540
230601
230674
230747
230808
230869
230942
231015
231088
231161
231246
231355
231416
231501
231574
278738
278811
278932
278993
279066
279163
279224
279297
279406
279491
279564
279625
279698
279759
279964
280025
280086
280147
280220
280317
280378
280451
280524
280669
280766
280839
280900
280973
281094
281167
281228
281301
281410
281483
281556
281677
281834
281931
282004
282077
282138
282211
282368
282477
282574
282635
282744
282901
282986
283095
283192
283253
283362
283423
283496
283569
283630
283703
283824
283897
283982
284055
284128
284201
284346
284455
284564
284733
284950
285023
285120
285205
285302
285375
285448
285521
285582
285655
285752
285837
285910
285971
286080
286189
286310
286383
286444
286505
286578
286687
286760
286833
286942
287027
287100
287173
287270
287343
287416
287489
