START
255009980
255010089
255010198
255010307
255010380
255010489
255010586
255010695
255010828
255010985
255011070
255011179
255011288
255011505
255011566
255011699
255011796
255011929
255012026
255012135
255012244
255012317
255012414
255012535
255012608
255012681
255012790
255012863
255012984
255013081
255013178
255013251
255013360
255013457
255013602
255013711
255013808
255014001
255014074
255014171
255014328
255014413
255014558
255014691
255014812
255014921
255015030
255015139
255015212
255015321
255015418
255015539
255015660
255015733
255015830
255015927
255015988
255016109
255016218
255016315
255016388
255016509
255016630
255016751
255016836
255016945
255017066
255017175
255017248
255017333
255017442
255017515
255017624
255017745
255017866
255017975
255018084
255018181
255018254
255018339
255018448
255018509
255018594
255018703
255018764
255018861
255018958
255019067
255019152
255019261
255019382
255019491
255019588
255019733
255019830
255019939
255020048
255020109
255020206
255020351
255020448
255137144
255137265
255137434
255137531
255137640
255137737
255137894
255137979
255138112
255138197
255138294
255138463
255138548
255138645
255138742
255138851
255138948
255139057
255139250
255139371
255139516
255139601
255139722
255139819
255139916
255140025
255140122
255140243
255140352
255140449
255140546
255140691
255140872
255140957
255141066
255141235
255141332
255141453
255141538
255141647
255141732
255141841
255141938
255142035
255142108
255142181
255142350
255142447
255142532
255142629
255142798
255142895
255143016
255143137
255143234
255143331
255143428
255143585
255143670
255143767
255143876
255143961
255144118
255144203
255144312
255144457
255144542
255144651
255144736
255144833
255144954
255145147
255145208
255145317
255145414
255145511
255145620
255145729
255145838
255145911
255146008
255146093
255146190
255146287
255146432
255146553
255146662
255146747
255146856
255146977
255147098
255147207
255147304
255147461
255147558
255147655
255147812
255147921
255148030
255148127
255148236
255208942
255209051
255209160
255209269
255209366
255209463
255209572
255209681
255209802
255209887
255209984
255210093
255210298
255210419
255210516
255210625
255210722
255210831
255210940
255211049
255211194
255211279
255211364
255211449
255211546
255211739
255211812
255211885
255211982
255212091
255212188
255212261
255212334
255212419
255212504
255212625
255212734
255212843
255212952
255213049
255213146
255213255
255213352
255213461
255213570
255213679
255213788
255213873
255213982
255214103
255214200
255214309
255214418
255214539
255214612
255214709
255214782
255214879
255214964
255215073
255215194
255215291
255215376
255215461
255215546
255215643
255215752
255215849
255215958
255216067
255216176
255216285
255216394
255216503
255216576
255216685
255216794
255216903
255217000
255217121
255217218
255217327
255217424
255217533
255217654
255217763
255217860
255218005
255218102
255218199
255218284
255218381
255218478
255218671
255218792
255218889
255219142
255219215
255219336
255219421
255274841
255274950
255275023
255275144
255275229
255275326
255275423
255275532
255275641
255275750
255275847
255275944
255276029
255276138
255276235
255276332
255276441
255276538
255276635
255276732
255276841
255276950
255277047
255277144
255277289
255277386
255277471
255277556
255277641
255277750
255277859
255277944
255278053
255278150
255278247
255278368
255278453
255278550
255278731
255278852
255278949
255279058
255279143
255279240
255279385
255279470
255279555
255279640
255279761
255279870
255279943
255280028
255280149
255280234
255280331
255280416
255280513
255280610
255280719
255280816
255280901
255280998
255281107
255281216
255281337
255281422
255281519
255281604
255281701
255281810
255281895
255281980
255282137
255282234
255282307
255282404
255282489
255282586
255282671
255282780
255282865
255282962
255283071
255283156
255283253
255283338
255283531
255283640
255283749
255283858
255283943
255284064
255284149
255284246
255284355
255284452
255284561
255284646
255284755
255284852
255337809
255337882
255337991
255338076
255338185
255338270
255338367
255338464
255338561
255338646
255338743
255338828
255338925
255339022
255339119
255339204
255339301
255339398
255339507
255339580
255339677
255339774
255339871
255339980
255340077
255340150
255340247
255340356
255340441
255340538
255340635
255340732
255340853
255340938
255341035
255341108
255341193
255341302
255341387
255341484
255341569
255341678
255341763
255341872
255341969
255342054
255342163
255342236
255342333
255342430
255342503
255342612
255342709
255342806
255342891
255342988
255343085
255343182
255343279
255343364
255343461
255343570
255343655
255343764
255343861
255343934
255344031
255344116
255344225
255344298
255344383
255344492
255344589
255344686
255344759
255344856
255344941
255345050
255345135
255345208
255345305
255345378
255345475
255345560
255345645
255345754
255345839
255345936
255346021
255346118
255346203
255346300
255346409
255346482
255346579
255346664
255346761
255346858
255346943
255347040
255347113
255347222
255393496
255393605
255393666
255393763
255393848
255393945
255394030
255394115
255394188
255394285
255394382
255394467
255394552
255394649
255394734
255394819
255394916
255394989
255395074
255395159
255395244
255395329
255395426
255395487
255395572
255395669
255395754
255395851
255395924
255396009
255396106
255396191
255396264
255396337
255396410
255396495
255396580
255396665
255396750
255396835
255396908
255396993
255397102
255397163
255397248
255397345
255397430
255397527
255397600
255397673
255397770
255397855
255397952
255398037
255398134
255398219
255398292
255398389
255398474
255398547
255398644
255398741
255398802
255398875
255398960
255399045
255399130
255399191
255399276
255399361
255399434
255399519
255399592
255399665
255399750
255399835
255399932
255400017
255400090
255400187
255400260
255400369
255400454
255400527
255400624
255400709
255400794
255400879
255400976
255401061
255401158
255401243
255401316
255401389
255401474
255401571
255401656
255401729
255447608
255447681
255447766
255447863
255447936
255448009
255448082
255448191
255448252
255448325
255448422
255448495
255448580
255448653
255448726
255448799
255448884
255448981
255449054
255449139
255449224
255449297
255449382
255449467
255449540
255449697
255449770
255449843
255449952
255450085
255450158
255450231
255450316
255450413
255450498
255450583
255450656
255450729
255450814
255450899
255450972
255451069
255451142
255451215
255451312
255451385
255451458
255451531
255451616
255451689
255451762
255451847
255451920
255452005
255452090
255452175
255452248
255452333
255452418
255452503
255452588
255452661
255452758
255452855
255452928
255453001
255453086
255453147
255453256
255453329
255453414
255453499
255453572
255453669
255453730
255453815
255453888
255453961
255454046
255454119
255454204
255454313
255454386
255454471
255454556
255454629
255454702
255454799
255454872
255454945
255455054
255455127
255455212
255455297
255455358
255455431
255455516
255455589
255455698
255455771
255455868
255455929
255497305
255497378
255497463
255497548
255497633
255497706
255497779
255497912
255497973
255498046
255498119
255498204
255498277
255498362
255498435
255498544
255498629
255498690
255498763
255498836
255498909
255498982
255499055
255499116
255499225
255499298
255499383
255499444
255499517
255499590
255499663
255499856
255499977
255500098
255500171
255500304
255500401
255500474
255500595
255500668
255500729
255500814
255500887
255500960
255501045
255501178
255501263
255501324
255501397
255501470
255501543
255501616
255501689
255501762
255501835
255501908
255501993
255502066
255502139
255502212
255502285
255502370
255502443
255502516
255502589
255502662
255502819
255502904
255502977
255503050
255503123
255503184
255503257
255503330
255503403
255503476
255503549
255503646
255503719
255503852
255503925
255503998
255504071
255504144
255504217
255504302
255504375
255504436
255504509
255504582
255504655
255504740
255504813
255504874
255504959
255505044
255505129
255505190
255505263
255505336
255505409
255550382
255550455
255550528
255550601
255550662
255550723
255550808
255550965
255551026
255551099
255551172
255551233
255551294
255551367
255551440
255551513
255551586
255551647
255551720
255551793
255551854
255551927
255552036
255552157
255552230
255552303
255552376
255552449
255552522
255552607
255552728
255552789
255552862
255552935
255553020
255553093
255553214
255553311
255553396
255553481
255553554
255553711
255553784
255553845
255553954
255554027
255554100
255554185
255554246
255554307
255554380
255554465
255554538
255554623
255554744
255554817
255554878
255554963
255555036
255555109
255555182
255555327
255555412
255555485
255555630
255555703
255555776
255555849
255555994
255556067
255556128
255556201
255556286
255556347
255556420
255556505
255556578
255556699
255556784
255556857
255556930
255557015
255557088
255557149
255557222
255557307
255557380
255557453
255557526
255557599
255557672
255557745
255557866
255557951
255558024
255558097
255558218
255558291
255558376
255558449
255558522
255604069
255604142
255604203
255604264
255604325
255604398
255604483
255604544
255604629
255604750
255604811
255604920
255605005
255605078
255605151
255605224
255605285
255605358
255605467
255605540
255605613
255605686
255605795
255605880
255605953
255606074
255606147
255606220
255606293
255606402
255606475
255606548
255606621
255606730
255606803
255606888
255606997
255607058
255607131
255607192
255607265
255607338
255607411
255607484
255607593
255607678
255607751
255607824
255607897
255607970
255608127
255608200
255608345
255608454
255608575
255608648
255608769
255608842
255608915
255609000
255609073
255609182
255609255
255609316
255609389
255609498
255609583
255609656
255609717
255609790
255609863
255609936
255610009
255610070
255610251
255610348
255610433
255610506
255610579
255610736
255610809
255610954
255611015
255611100
255611209
255611294
255611367
255611440
255611549
255611634
255611707
255611768
255611841
255611914
255612023
255612096
255612169
255612242
255612303
255612388
255612461
255661207
255661424
255661521
255661594
255661751
255661860
255661933
255662006
255662079
255662188
255662261
255662334
255662395
255662468
255662541
255662662
255662747
255662820
255662989
255663098
255663183
255663256
255663317
255663390
255663475
255663584
255663657
255663730
255663803
255663912
255663997
255664202
255664287
255664396
255664469
255664542
255664663
255664736
255664809
255664870
255664991
255665064
255665137
255665210
255665283
255665368
255665501
255665574
255665647
255665744
255665841
255665986
255666119
255666180
255666241
255666314
255666375
255666448
255666521
255666594
255666703
255666776
255666849
255666922
255667031
255667116
255667189
255667262
255667371
255667444
255667517
255667638
255667747
255667856
255667953
255668158
255668243
255668304
255668377
255668498
255668583
255668656
255668729
255668790
255668899
255668984
255669057
255669130
255669203
255669276
255669385
255669458
255669519
255669592
255669665
255669738
255669811
255669944
255670065
255670138
