START
2651323166
2651323275
2651323384
2651323481
2651323566
2651323663
2651323760
2651323821
2651323942
2651324051
2651324148
2651324209
2651324318
2651324439
2651324524
2651324585
2651324706
2651324815
2651324888
2651324997
2651325106
2651325191
2651325312
2651325433
2651325542
2651325615
2651325724
2651325785
2651325882
2651325979
2651326076
2651326161
2651326246
2651326343
2651326404
2651326501
2651326598
2651326707
2651326768
2651326853
2651326914
2651327023
2651327096
2651327205
2651327314
2651327411
2651327472
2651327557
2651327618
2651327727
2651327848
2651327921
2651328018
2651328115
2651328188
2651328273
2651328346
2651328467
2651328576
2651328685
2651328782
2651328855
2651328976
2651329073
2651329182
2651329279
2651329388
2651329461
2651329570
2651329643
2651329728
2651329801
2651329910
2651330007
2651330104
2651330225
2651330286
2651330347
2651330444
2651330505
2651330638
2651330747
2651330856
2651330965
2651331110
2651331183
2651331280
2651331389
2651331498
2651331607
2651331680
2651331777
2651331862
2651331971
2651332068
2651332189
2651332322
2651332431
2651332492
2651332613
2651446114
2651446247
2651446344
2651446441
2651446526
2651446635
2651446732
2651446805
2651446890
2651446999
2651447096
2651447193
2651447266
2651447363
2651447460
2651447569
2651447690
2651447883
2651448040
2651448137
2651448210
2651448307
2651448404
2651448501
2651448598
2651448707
2651448804
2651448889
2651448986
2651449119
2651449240
2651449349
2651449470
2651449567
2651449676
2651449773
2651449882
2651449955
2651450052
2651450197
2651450294
2651450415
2651450488
2651450561
2651450670
2651450767
2651450864
2651451045
2651451142
2651451203
2651451276
2651451385
2651451482
2651451579
2651451664
2651451773
2651451834
2651451943
2651452052
2651452161
2651452318
2651452415
2651452512
2651452621
2651452694
2651452791
2651452900
2651453021
2651453118
2651453215
2651453288
2651453385
2651453554
2651453699
2651453844
2651453953
2651454074
2651454171
2651454292
2651454377
2651454486
2651454595
2651454680
2651454777
2651454874
2651455007
2651455128
2651455237
2651455346
2651455455
2651455564
2651455649
2651455734
2651455831
2651455940
2651456025
2651456146
2651456219
2651456340
2651456449
2651510072
2651510169
2651510278
2651510375
2651510484
2651510593
2651510678
2651510787
2651510896
2651510993
2651511090
2651511163
2651511236
2651511345
2651511442
2651511563
2651511660
2651511781
2651511902
2651511999
2651512108
2651512205
2651512326
2651512483
2651512568
2651512677
2651512798
2651512895
2651513016
2651513125
2651513234
2651513343
2651513428
2651513525
2651513610
2651513707
2651513804
2651513925
2651514022
2651514143
2651514264
2651514421
2651514590
2651514663
2651514736
2651514821
2651514918
2651515027
2651515124
2651515209
2651515294
2651515403
2651515500
2651515585
2651515658
2651515731
2651515804
2651515901
2651515998
2651516095
2651516192
2651516289
2651516410
2651516495
2651516568
2651516665
2651516750
2651516847
2651516956
2651517053
2651517150
2651517235
2651517320
2651517417
2651517514
2651517611
2651517672
2651517769
2651517866
2651517963
2651518060
2651518157
2651518254
2651518351
2651518496
2651518593
2651518702
2651518787
2651518872
2651518957
2651519054
2651519151
2651519248
2651519345
2651519442
2651519563
2651519660
2651519745
2651519854
2651519927
2651520036
2651520133
2651572812
2651572921
2651573030
2651573127
2651573212
2651573309
2651573406
2651573491
2651573576
2651573661
2651573758
2651573855
2651573952
2651574013
2651574110
2651574195
2651574292
2651574401
2651574498
2651574559
2651574632
2651574741
2651574826
2651574935
2651575092
2651575177
2651575250
2651575359
2651575468
2651575565
2651575662
2651575759
2651575856
2651575965
2651576038
2651576135
2651576256
2651576401
2651576498
2651576595
2651576680
2651576789
2651576886
2651576995
2651577104
2651577201
2651577298
2651577395
2651577492
2651577589
2651577686
2651577771
2651577844
2651577929
2651578050
2651578135
2651578208
2651578317
2651578402
2651578499
2651578596
2651578693
2651578790
2651578887
2651578960
2651579069
2651579166
2651579263
2651579360
2651579493
2651579590
2651579687
2651579784
2651579893
2651579966
2651580063
2651580160
2651580245
2651580342
2651580439
2651580524
2651580597
2651580682
2651580767
2651580900
2651580973
2651581070
2651581143
2651581204
2651581289
2651581386
2651581495
2651581592
2651581701
2651581858
2651581955
2651582040
2651582113
2651582234
2651582343
2651582452
2651632723
2651632808
2651632917
2651632990
2651633075
2651633172
2651633269
2651633366
2651633475
2651633584
2651633681
2651633778
2651633875
2651633984
2651634081
2651634166
2651634275
2651634372
2651634457
2651634542
2651634639
2651634736
2651634809
2651634894
2651634991
2651635076
2651635149
2651635234
2651635379
2651635476
2651635561
2651635646
2651635719
2651635804
2651635877
2651635950
2651636023
2651636120
2651636205
2651636290
2651636363
2651636448
2651636521
2651636606
2651636691
2651636776
2651636861
2651636970
2651637055
2651637140
2651637237
2651637322
2651637395
2651637552
2651637625
2651637722
2651637807
2651637880
2651637953
2651638038
2651638123
2651638220
2651638317
2651638414
2651638511
2651638620
2651638693
2651638766
2651638863
2651638936
2651639033
2651639106
2651639227
2651639312
2651639385
2651639542
2651639639
2651639712
2651639797
2651639882
2651639955
2651640028
2651640113
2651640186
2651640295
2651640404
2651640513
2651640586
2651640683
2651640768
2651640877
2651640986
2651641059
2651641156
2651641265
2651641434
2651641495
2651641580
2651641653
2651641738
2651689727
2651689812
2651689897
2651689994
2651690067
2651690152
2651690213
2651690286
2651690371
2651690468
2651690565
2651690638
2651690723
2651690832
2651690917
2651690978
2651691039
2651691124
2651691209
2651691306
2651691415
2651691476
2651691561
2651691646
2651691743
2651691840
2651691925
2651691998
2651692071
2651692156
2651692241
2651692326
2651692411
2651692484
2651692557
2651692642
2651692715
2651692812
2651692885
2651692970
2651693055
2651693128
2651693213
2651693310
2651693395
2651693468
2651693565
2651693638
2651693723
2651693832
2651693929
2651694014
2651694087
2651694160
2651694245
2651694330
2651694415
2651694500
2651694585
2651694658
2651694743
2651694816
2651694889
2651694962
2651695035
2651695132
2651695205
2651695266
2651695339
2651695436
2651695557
2651695654
2651695739
2651695824
2651695909
2651695994
2651696067
2651696140
2651696213
2651696298
2651696383
2651696468
2651696553
2651696638
2651696723
2651696808
2651696917
2651697026
2651697111
2651697196
2651697281
2651697366
2651697451
2651697548
2651697621
2651697694
2651697779
2651697864
2651697937
2651698010
2651698095
2651698180
2651698265
2651745470
2651745567
2651745640
2651745725
2651745798
2651745883
2651745956
2651746041
2651746126
2651746199
2651746272
2651746345
2651746418
2651746479
2651746564
2651746661
2651746734
2651746855
2651746928
2651747013
2651747098
2651747171
2651747268
2651747353
2651747426
2651747595
2651747704
2651747801
2651747886
2651747971
2651748056
2651748177
2651748250
2651748323
2651748396
2651748481
2651748602
2651748699
2651748784
2651748869
2651748942
2651749003
2651749088
2651749185
2651749258
2651749343
2651749464
2651749561
2651749646
2651749731
2651749816
2651749901
2651749974
2651750059
2651750132
2651750217
2651750290
2651750351
2651750424
2651750521
2651750594
2651750667
2651750752
2651750837
2651750934
2651751007
2651751092
2651751165
2651751322
2651751407
2651751468
2651751541
2651751638
2651751783
2651751856
2651751917
2651752002
2651752111
2651752208
2651752293
2651752378
2651752451
2651752548
2651752645
2651752718
2651752791
2651752864
2651752961
2651753034
2651753107
2651753180
2651753253
2651753350
2651753459
2651753520
2651753605
2651753690
2651753775
2651753860
2651753969
2651754054
2651754127
2651799695
2651799768
2651799841
2651799926
2651799999
2651800060
2651800133
2651800194
2651800267
2651800376
2651800461
2651800534
2651800619
2651800728
2651800837
2651800910
2651800983
2651801068
2651801141
2651801226
2651801299
2651801372
2651801445
2651801566
2651801639
2651801712
2651801785
2651801858
2651801931
2651802004
2651802089
2651802234
2651802295
2651802368
2651802453
2651802526
2651802587
2651802660
2651802745
2651802830
2651802915
2651803000
2651803073
2651803158
2651803231
2651803292
2651803401
2651803474
2651803547
2651803620
2651803693
2651803802
2651803875
2651803960
2651804021
2651804094
2651804155
2651804228
2651804313
2651804374
2651804459
2651804520
2651804605
2651804678
2651804751
2651804836
2651804933
2651805006
2651805079
2651805152
2651805213
2651805298
2651805371
2651805480
2651805553
2651805638
2651805723
2651805796
2651805881
2651805942
2651806015
2651806088
2651806161
2651806246
2651806319
2651806392
2651806465
2651806526
2651806671
2651806780
2651806853
2651806950
2651807023
2651807096
2651807169
2651807242
2651807327
2651807400
2651807473
2651807546
2651807619
2651807680
2651853323
2651853396
2651853517
2651853626
2651853723
2651853796
2651853869
2651854002
2651854207
2651854304
2651854377
2651854438
2651854559
2651854632
2651854693
2651854766
2651854839
2651854912
2651854985
2651855058
2651855131
2651855216
2651855289
2651855398
2651855507
2651855592
2651855665
2651855726
2651855787
2651855848
2651855921
2651856006
2651856067
2651856152
2651856225
2651856298
2651856383
2651856456
2651856529
2651856602
2651856663
2651856760
2651856821
2651856882
2651856955
2651857028
2651857101
2651857162
2651857223
2651857308
2651857381
2651857454
2651857539
2651857624
2651857697
2651857818
2651857903
2651857976
2651858049
2651858122
2651858195
2651858292
2651858365
2651858450
2651858571
2651858656
2651858729
2651858790
2651858851
2651858948
2651859057
2651859130
2651859191
2651859264
2651859337
2651859398
2651859459
2651859544
2651859617
2651859714
2651859835
2651859896
2651859969
2651860042
2651860127
2651860200
2651860285
2651860406
2651860515
2651860588
2651860661
2651860734
2651860807
2651860880
2651860989
2651861074
2651861147
2651861220
2651861305
2651861402
2651861475
2651905015
2651905088
2651905161
2651905246
2651905319
2651905464
2651905537
2651905598
2651905659
2651905720
2651905793
2651905854
2651905963
2651906036
2651906109
2651906218
2651906327
2651906400
2651906509
2651906582
2651906715
2651906788
2651906849
2651906922
2651906995
2651907104
2651907177
2651907250
2651907335
2651907444
2651907541
2651907626
2651907699
2651907808
2651907881
2651907954
2651908027
2651908088
2651908161
2651908270
2651908355
2651908464
2651908537
2651908610
2651908695
2651908768
2651908841
2651908914
2651908999
2651909060
2651909121
2651909194
2651909303
2651909412
2651909485
2651909546
2651909619
2651909692
2651909765
2651909874
2651909959
2651910056
2651910129
2651910190
2651910263
2651910348
2651910481
2651910554
2651910675
2651910748
2651910821
2651910882
2651910955
2651911028
2651911089
2651911198
2651911259
2651911344
2651911453
2651911550
2651911635
2651911708
2651911781
2651911938
2651912047
2651912144
2651912217
2651912290
2651912399
2651912592
2651912665
2651912738
2651912799
2651912920
2651912993
2651913066
2651913139
2651913260
2651913333
2651913406
2651913467
2651913588
2651961328
2651961437
2651961510
2651961583
2651961704
2651961789
2651961862
2651961971
2651962068
2651962141
2651962214
2651962323
2651962528
2651962613
2651962686
2651962759
2651962832
2651962953
2651963026
2651963087
2651963160
2651963221
2651963306
2651963391
2651963512
2651963597
2651963670
2651963791
2651963864
2651963949
2651964010
2651964083
2651964156
2651964229
2651964326
2651964399
2651964496
2651964569
2651964666
2651964739
2651964848
2651964945
2651965018
2651965091
2651965200
2651965297
2651965370
2651965431
2651965540
2651965697
2651965806
2651965867
2651965940
2651966037
2651966110
2651966171
2651966232
2651966377
2651966450
2651966559
2651966632
2651966825
2651966898
2651966959
2651967068
2651967141
2651967214
2651967299
2651967396
2651967457
2651967530
2651967603
2651967724
2651967797
2651967870
2651967955
2651968028
2651968113
2651968270
2651968331
2651968404
2651968465
2651968562
2651968635
2651968708
2651968817
2651968890
2651968963
2651969024
2651969121
2651969194
2651969255
2651969388
2651969497
2651969606
2651969763
2651969884
2651969945
2651970018
2651970103
2651970212
2651970285
