START
1615609288
1615609421
1615609542
1615609639
1615609736
1615609845
1615609966
1615610027
1615610220
1615610329
1615610438
1615610511
1615610620
1615610705
1615610814
1615610923
1615611056
1615611153
1615611214
1615611311
1615611492
1615611613
1615611686
1615611795
1615611880
1615611977
1615612098
1615612207
1615612280
1615612365
1615612558
1615612667
1615612788
1615612873
1615612982
1615613235
1615613344
1615613417
1615613586
1615613659
1615613756
1615613841
1615613962
1615614071
1615614180
1615614313
1615614422
1615614531
1615614604
1615614713
1615614834
1615614955
1615615052
1615615161
1615615270
1615615379
1615615452
1615615561
1615615658
1615615815
1615615924
1615616045
1615616154
1615616263
1615616372
1615616433
1615616518
1615616615
1615616772
1615616857
1615616966
1615617039
1615617148
1615617257
1615617390
1615617499
1615617620
1615617717
1615617826
1615717012
1615717109
1615717182
1615717303
1615717412
1615717521
1615717618
1615717763
1615717884
1615717993
1615718114
1615718295
1615718416
1615718525
1615718622
1615718779
1615718876
1615718973
1615719118
1615719227
1615719324
1615719421
1615719518
1615719627
1615719832
1615719941
1615720062
1615720183
1615720292
1615720389
1615720498
1615720595
1615720740
1615720837
1615720946
1615721115
1615721416
1615721489
1615721586
1615721683
1615721804
1615721901
1615721998
1615722107
1615722216
1615722325
1615722434
1615722591
1615722688
1615722773
1615722882
1615722979
1615723088
1615723209
1615723306
1615723403
1615723512
1615723705
1615723778
1615723839
1615723972
1615724129
1615724346
1615724491
1615724624
1615724709
1615724794
1615724903
1615725024
1615725169
1615725254
1615725375
1615725496
1615725605
1615725726
1615725847
1615725932
1615726041
1615726150
1615726271
1615726392
1615726513
1615726622
1615726707
1615726804
1615726901
1615727010
1615727119
1615727240
1615727337
1615727434
1615727543
1615727664
1615727761
1615727882
1615728003
1615728100
1615728209
1615728330
1615728439
1615728548
1615728657
1615728754
1615728911
1615728984
1615729093
1615729190
1615729311
1615729408
1615729517
1615729614
1615729723
1615729820
1615729917
1615730038
1615730147
1615730340
1615730413
1615730534
1615730619
1615730716
1615730825
1615730970
1615731163
1615731260
1615731369
1615731466
1615731575
1615731684
1615731781
1615731890
1615731999
1615732108
1615732205
1615732314
1615732423
1615732664
1615732737
1615732846
1615732943
1615733052
1615733149
1615733270
1615733367
1615733512
1615733585
1615733730
1615733827
1615733936
1615734045
1615734130
1615734239
1615734336
1615734445
1615734554
1615734663
1615734772
1615734869
1615735074
1615735183
1615735340
1615735449
1615735534
1615735655
1615735764
1615735873
1615735970
1615736067
1615736164
1615736309
1615736430
1615736527
1615736648
1615736745
1615736842
1615736951
1615737048
1615737193
1615737302
1615737399
1615737520
1615737605
1615737714
1615737823
1615794385
1615794482
1615794591
1615794700
1615794785
1615794894
1615794979
1615795076
1615795185
1615795282
1615795379
1615795488
1615795585
1615795694
1615795839
1615795936
1615796021
1615796130
1615796239
1615796420
1615796541
1615796674
1615796759
1615796844
1615796941
1615797038
1615797135
1615797244
1615797341
1615797438
1615797535
1615797632
1615797741
1615797838
1615797935
1615798044
1615798141
1615798226
1615798371
1615798480
1615798577
1615798734
1615798879
1615798976
1615799085
1615799206
1615799303
1615799400
1615799473
1615799582
1615799679
1615799788
1615799897
1615799994
1615800103
1615800200
1615800345
1615800454
1615800539
1615800636
1615800733
1615800830
1615800915
1615801000
1615801097
1615801206
1615801315
1615801400
1615801485
1615801582
1615801679
1615801788
1615801885
1615801982
1615802163
1615802320
1615802405
1615802490
1615802587
1615802684
1615802781
1615802926
1615803023
1615803120
1615803193
1615803290
1615803387
1615803484
1615803581
1615803690
1615803787
1615803884
1615803993
1615804090
1615804187
1615804296
1615804405
1615804490
1615804599
1615804708
1615804817
1615805094
1615805203
1615805312
1615805397
1615805542
1615805627
1615805724
1615805821
1615805918
1615806027
1615806112
1615806257
1615806354
1615806439
1615806548
1615806645
1615806754
1615806863
1615806948
1615807033
1615807166
1615807275
1615807372
1615807457
1615807554
1615807663
1615807772
1615807881
1615807954
1615808063
1615808172
1615808281
1615808390
1615808487
1615808584
1615808681
1615808790
1615808899
1615808996
1615809093
1615809202
1615809311
1615809408
1615809505
1615809602
1615809699
1615809808
1615809905
1615810026
1615810111
1615810208
1615810305
1615810414
1615810523
1615810656
1615810729
1615810838
1615810935
1615811032
1615811129
1615811226
1615811323
1615811516
1615811577
1615811734
1615811843
1615811952
1615812049
1615812158
1615812255
1615812352
1615812461
1615812546
1615812691
1615812788
1615812885
1615812970
1615813067
1615813164
1615813273
1615813382
1615813479
1615813576
1615813673
1615813794
1615868994
1615869103
1615869188
1615869285
1615869382
1615869479
1615869576
1615869661
1615869746
1615869855
1615869940
1615870037
1615870122
1615870207
1615870292
1615870377
1615870474
1615870571
1615870800
1615870885
1615870958
1615871043
1615871140
1615871237
1615871334
1615871431
1615871528
1615871637
1615871710
1615871807
1615871916
1615872013
1615872110
1615872195
1615872304
1615872389
1615872486
1615872571
1615872656
1615872765
1615872862
1615872959
1615873068
1615873153
1615873250
1615873359
1615873456
1615873553
1615873638
1615873747
1615873832
1615873929
1615874014
1615874099
1615874184
1615874281
1615874378
1615874463
1615874548
1615874729
1615874850
1615874947
1615875092
1615875213
1615875310
1615875431
1615875528
1615875625
1615875722
1615875807
1615875880
1615875953
1615876038
1615876135
1615876232
1615876305
1615876378
1615876463
1615876560
1615876633
1615876730
1615876803
1615876888
1615876973
1615877058
1615877131
1615877228
1615877325
1615877410
1615877495
1615877592
1615877677
1615877774
1615877847
1615877932
1615878005
1615878090
1615878175
1615878260
1615878357
1615878442
1615878539
1615878612
1615878709
1615878794
1615878903
1615878976
1615879073
1615879170
1615879279
1615879364
1615879449
1615879558
1615879643
1615879716
1615879801
1615879898
1615880079
1615880176
1615880273
1615880358
1615880443
1615880552
1615880637
1615880722
1615880819
1615880928
1615881013
1615881098
1615881195
1615881292
1615881389
1615881486
1615881619
1615881692
1615881777
1615881862
1615881959
1615882044
1615882129
1615882226
1615882311
1615882528
1615882637
1615882734
1615882831
1615882940
1615883037
1615883122
1615883291
1615883388
1615883473
1615883546
1615883643
1615883740
1615883825
1615883910
1615883995
1615884068
1615884153
1615884226
1615884323
1615884432
1615884529
1615884602
1615884687
1615884772
1615884857
1615884942
1615885027
1615885112
1615885197
1615885294
1615885367
1615885464
1615885549
1615885634
1615885731
1615885816
1615885913
1615885986
1615886071
1615886180
1615886253
1615886338
1615933188
1615933261
1615933370
1615933443
1615933540
1615933613
1615933698
1615933795
1615933880
1615933953
1615934050
1615934135
1615934232
1615934317
1615934402
1615934499
1615934584
1615934669
1615934754
1615934839
1615934924
1615935009
1615935106
1615935179
1615935252
1615935337
1615935434
1615935531
1615935616
1615935713
1615935810
1615935907
1615936004
1615936077
1615936162
1615936259
1615936356
1615936453
1615936526
1615936599
1615936696
1615936793
1615936878
1615936975
1615937060
1615937145
1615937230
1615937315
1615937412
1615937497
1615937570
1615937643
1615937728
1615937801
1615937874
1615937983
1615938056
1615938141
1615938238
1615938335
1615938420
1615938505
1615938590
1615938687
1615938772
1615938869
1615938954
1615939039
1615939124
1615939221
1615939306
1615939403
1615939476
1615939561
1615939658
1615939755
1615939852
1615939925
1615939998
1615940083
1615940180
1615940265
1615940350
1615940423
1615940520
1615940593
1615940678
1615940775
1615940860
1615940933
1615941030
1615941115
1615941200
1615941285
1615941370
1615941455
1615941540
1615941613
1615941710
1615941807
1615941880
1615941965
1615942050
1615942135
1615942220
1615942317
1615942414
1615942499
1615942572
1615942669
1615942766
1615942863
1615942936
1615943021
1615943106
1615943203
1615943288
1615943373
1615943470
1615943567
1615943640
1615943737
1615943846
1615943919
1615944004
1615944113
1615944210
1615944367
1615944440
1615944525
1615944610
1615944707
1615944792
1615944889
1615944974
1615945071
1615945156
1615945241
1615945326
1615945411
1615945508
1615945593
1615945678
1615945775
1615945848
1615945933
1615946018
1615946103
1615946176
1615946249
1615946322
1615946395
1615946468
1615946553
1615946650
1615946723
1615946796
1615946881
1615946978
1615947063
1615947136
1615947209
1615947306
1615947403
1615947464
1615947561
1615947634
1615947731
1615947828
1615947925
1615947998
1615948095
1615948168
1615948265
1615948350
1615948435
1615948520
1615948605
1615948678
1615948787
1615948860
1615948945
1615949018
1615949127
1615949212
1615949285
1615949370
1615949455
1615949540
1615949613
1615993731
1615993828
1615993901
1615993986
1615994071
1615994144
1615994229
1615994326
1615994411
1615994484
1615994569
1615994654
1615994739
1615994812
1615994897
1615994970
1615995067
1615995152
1615995225
1615995298
1615995395
1615995480
1615995553
1615995650
1615995735
1615995820
1615995893
1615995978
1615996075
1615996160
1615996245
1615996330
1615996415
1615996488
1615996561
1615996646
1615996743
1615996816
1615996889
1615996962
1615997059
1615997144
1615997229
1615997302
1615997387
1615997460
1615997557
1615997642
1615997715
1615997800
1615997897
1615997970
1615998067
1615998152
1615998237
1615998322
1615998407
1615998480
1615998553
1615998626
1615998699
1615998772
1615998845
1615998930
1615999003
1615999076
1615999161
1615999234
1615999331
1615999404
1615999513
1615999598
1615999659
1615999744
1615999817
1615999926
1616000023
1616000096
1616000181
1616000266
1616000351
1616000424
1616000521
1616000618
1616000703
1616000764
1616000849
1616000922
1616001007
1616001092
1616001165
1616001238
1616001311
1616001384
1616001469
1616001530
1616001603
1616001676
1616001761
1616001834
1616001931
1616002004
1616002077
1616002162
1616002247
1616002320
1616002405
1616002478
1616002575
1616002660
1616002733
1616002806
1616002891
1616002964
1616003037
1616003110
1616003183
1616003256
1616003341
1616003414
1616003487
1616003572
1616003657
1616003850
1616003947
1616004068
1616004213
1616004298
1616004371
1616004444
1616004505
1616004578
1616004663
1616004748
1616004845
1616004906
1616004979
1616005076
1616005161
1616005234
1616005307
1616005392
1616005465
1616005562
1616005659
1616005732
1616005817
1616005902
1616005999
1616006144
1616006241
1616006314
1616006399
1616006472
1616006533
1616006618
1616006703
1616006776
1616006861
1616006934
1616007007
1616007080
1616007165
1616007238
1616007395
1616007540
1616007637
1616007722
1616007819
1616007892
1616007977
1616008050
1616008147
1616008232
1616008305
1616008402
1616008475
1616008572
1616008657
1616008730
1616008827
1616008900
1616008973
1616009046
1616009119
1616009204
1616009277
1616050578
1616050651
1616050724
1616050797
1616050882
1616050967
1616051040
1616051125
1616051198
1616051271
1616051356
1616051429
1616051502
1616051587
1616051660
1616051745
1616051818
1616051891
1616051976
1616052061
1616052134
1616052267
1616052340
1616052413
1616052486
1616052571
1616052632
1616052717
1616052790
1616052851
1616052912
1616052985
1616053058
1616053143
1616053276
1616053373
1616053470
1616053543
1616053616
1616053761
1616053846
1616053919
1616053992
1616054089
1616054162
1616054235
1616054320
1616054393
1616054478
1616054551
1616054624
1616054697
1616054770
1616054843
1616054916
1616055001
1616055074
1616055147
1616055208
1616055293
1616055366
1616055439
1616055524
1616055585
1616055670
1616055743
1616055828
1616055901
1616055974
1616056059
1616056132
1616056205
1616056278
1616056351
1616056424
1616056497
1616056570
1616056631
1616056728
1616056801
1616056922
1616057007
1616057104
1616057177
1616057262
1616057323
1616057384
1616057481
1616057590
1616057675
1616057760
1616057833
1616057906
1616057979
1616058052
1616058185
1616058258
1616058343
1616058416
1616058501
1616058586
1616058659
1616058744
1616058829
1616058902
1616059023
1616059132
1616059265
1616059398
1616059471
1616059544
1616059617
1616059690
1616059811
1616059884
1616059957
1616060042
1616060103
1616060188
1616060249
1616060322
1616060395
1616060468
1616060553
1616060626
1616060699
1616060772
1616060845
1616060918
1616060979
1616061064
1616061137
1616061210
1616061271
1616061344
1616061417
1616061514
1616061599
1616061672
1616061745
1616061818
1616061891
1616061964
1616062037
1616062110
1616062207
1616062280
1616062365
1616062438
1616062523
1616062680
1616062753
1616062838
1616062911
1616062984
1616063105
1616063190
1616063263
1616063336
1616063409
1616063494
1616063579
1616063652
1616063737
1616063846
1616063943
1616064016
1616064101
1616064186
1616064295
1616064380
1616064453
1616064526
1616064599
1616064672
1616064733
1616064806
1616064915
1616065000
1616065085
1616065158
1616065231
1616065304
1616065425
1616109818
1616109891
1616109964
1616110037
1616110122
1616110195
1616110328
1616110473
1616110594
1616110715
1616110788
1616110861
1616110946
1616111019
1616111092
1616111285
1616111370
1616111443
1616111516
1616111589
1616111662
1616111735
1616111808
1616111893
1616111954
1616112027
1616112088
1616112173
1616112246
1616112319
1616112392
1616112453
1616112526
1616112611
1616112732
1616112817
1616112890
1616112951
1616113024
1616113097
1616113170
1616113243
1616113316
1616113413
1616113486
1616113571
1616113680
1616113789
1616113850
1616113923
1616113996
1616114081
1616114202
1616114275
1616114360
1616114445
1616114506
1616114591
1616114664
1616114737
1616114810
1616114883
1616115088
1616115173
1616115234
1616115307
1616115392
1616115513
1616115586
1616115659
1616115720
1616115793
1616115866
1616115927
1616116000
1616116073
1616116146
1616116219
1616116292
1616116377
1616116450
1616116523
1616116596
1616116669
1616116742
1616116803
1616116888
1616116973
1616117082
1616117191
1616117264
1616117373
1616117446
1616117531
1616117604
1616117689
1616117750
1616117883
1616117956
1616118029
1616118102
1616118223
1616118296
1616118369
1616118442
1616118515
1616118576
1616118757
1616118854
1616118939
1616119012
1616119085
1616119158
1616119279
1616119364
1616119437
1616119498
1616119571
1616119644
1616119717
1616119790
1616119911
1616119984
1616120045
1616120118
1616120191
1616120276
1616120349
1616120422
1616120531
1616120628
1616120701
1616120762
1616120847
1616120908
1616120981
1616121042
1616121223
1616121308
1616121381
1616121454
1616121527
1616121600
1616121673
1616121782
1616121867
1616121940
1616122001
1616122074
1616122147
1616122220
1616122281
1616122366
1616122451
1616122524
1616122585
1616122658
1616122743
1616122816
1616122889
1616122962
1616123119
1616123264
1616123337
1616123422
1616123495
1616123580
1616123725
1616123798
1616123919
1616123992
1616124065
1616124126
1616124199
1616124272
1616124345
1616124406
1616124479
1616124540
1616124613
1616124686
1616124759
1616172291
1616172412
1616172485
1616172558
1616172619
1616172692
1616172765
1616172874
1616172959
1616173020
1616173081
1616173154
1616173215
1616173288
1616173409
1616173494
1616173627
1616173700
1616173773
1616173834
1616173907
1616173968
1616174041
1616174126
1616174223
1616174308
1616174417
1616174490
1616174575
1616174696
1616174805
1616174878
1616174999
1616175072
1616175145
1616175266
1616175351
1616175412
1616175485
1616175558
1616175631
1616175740
1616175837
1616175910
1616175995
1616176140
1616176213
1616176310
1616176407
1616176588
1616176649
1616176722
1616176879
1616176952
1616177025
1616177170
1616177243
1616177364
1616177425
1616177498
1616177655
1616177728
1616177789
1616177874
1616177983
1616178044
1616178117
1616178178
1616178251
1616178324
1616178397
1616178470
1616178627
1616178700
1616178857
1616178930
1616179075
1616179196
1616179293
1616179366
1616179439
1616179512
1616179657
1616179766
1616179863
1616179936
1616180057
1616180130
1616180203
1616180288
1616180409
1616180470
1616180531
1616180604
1616180677
1616180750
1616180823
1616180896
1616181017
1616181102
1616181187
1616181260
1616181357
1616181442
1616181503
1616181576
1616181649
1616181722
1616181831
1616181916
1616181977
1616182086
1616182243
1616182316
1616182389
1616182486
1616182559
1616182632
1616182705
1616182814
1616182887
1616182960
1616183033
1616183118
1616183275
1616183348
1616183457
1616183530
1616183651
1616183724
1616183845
1616183918
1616184003
1616184076
1616184149
1616184246
1616184331
1616184416
1616184525
1616184658
1616184815
1616184924
1616184997
1616185070
1616185167
1616185240
1616185325
1616185446
1616185519
1616185592
1616185665
1616185762
1616185847
1616185920
1616186029
1616186114
1616186247
1616186320
1616186393
1616186490
1616186551
1616186624
1616186697
1616186770
1616186843
1616186952
1616187025
1616187110
1616187243
1616187340
1616187413
1616187558
1616187691
1616187764
1616187837
1616187922
1616188031
1616188152
1616188273
1616188346
1616188419
1616188480
1616188553
1616237545
1616237690
1616237799
1616237884
1616237993
1616238066
1616238139
1616238260
1616238333
1616238442
1616238647
1616238756
1616238853
1616238962
1616239047
1616239120
1616239181
1616239242
1616239339
1616239448
1616239557
1616239642
1616239715
1616239872
1616239981
1616240042
1616240103
1616240212
1616240285
1616240358
1616240515
1616240576
1616240745
1616240842
1616240951
1616241012
1616241169
1616241278
1616241375
1616241484
1616241545
1616241690
1616241835
1616241956
1616242017
1616242138
1616242211
1616242308
1616242393
1616242586
1616242671
1616242804
1616242901
1616242974
1616243059
1616243204
1616243313
1616243470
1616243591
1616243676
1616243737
1616243858
1616243931
1616244004
1616244077
1616244198
1616244379
1616244488
1616244633
1616244742
1616244851
1616244912
1616244985
1616245190
1616245275
1616245384
1616245529
1616245650
1616245795
1616245916
1616245989
1616246098
1616246183
1616246316
1616246377
1616246462
1616246571
1616246644
1616246801
1616246934
1616247031
1616247092
1616247165
1616247298
1616247407
1616247480
1616247553
1616247650
1616247723
1616247880
1616247977
1616248050
1616248123
1616248268
1616248377
1616248450
1616248547
1616248632
1616248741
1616248814
1616248923
1616248996
1616249069
1616249154
1616249227
1616249348
1616249421
1616249494
1616249567
1616249652
1616249761
1616249834
1616249895
1616250004
1616250077
1616250174
1616250247
1616250344
1616250417
1616250526
1616250599
1616250672
1616250817
1616250950
1616251083
1616251144
1616251217
1616251326
1616251411
1616251484
1616251581
1616251642
1616251715
1616251824
1616251897
1616251958
1616252103
1616252224
1616252297
1616252454
1616252563
1616252636
1616252721
1616252830
1616252903
1616253060
1616253169
1616253242
1616253351
1616253424
1616253545
1616253618
1616253691
1616253812
1616253873
1616253946
1616254043
1616254116
1616254189
1616254262
1616254383
1616254492
1616254601
1616254674
1616254747
1616254880
1616254989
1616255110
1616255207
1616255316
1616255377
1616255450
1616255523
1616255620
1616255729
1616255898
1616256007
