START
1619913374
1619913483
1619913580
1619913677
1619913774
1619913883
1619913992
1619914053
1619914162
1619914259
1619914368
1619914489
1619914610
1619914719
1619914828
1619914913
1619915010
1619915083
1619915180
1619915313
1619915446
1619915567
1619915688
1619915785
1619915882
1619915943
1619916064
1619916173
1619916270
1619916415
1619916536
1619916645
1619916754
1619916863
1619916960
1619917069
1619917178
1619917287
1619917360
1619917481
1619917578
1619917687
1619917796
1619917953
1619918062
1619918183
1619918304
1619918425
1619918522
1619918631
1619918692
1619918789
1619918886
1619918959
1619919080
1619919189
1619919286
1619919383
1619919480
1619919553
1619919674
1619919771
1619919868
1619919929
1619920014
1619920111
1619920220
1619920389
1619920486
1619920607
1619920716
1619920825
1619920922
1619920983
1619921092
1619921273
1619921382
1619921491
1619997391
1619997488
1619997597
1619997694
1619997755
1619997852
1619997937
1619998082
1619998215
1619998312
1619998409
1619998518
1619998639
1619998748
1619998941
1619999002
1619999111
1619999220
1619999329
1619999450
1619999535
1619999620
1619999729
1619999874
1619999971
1620000092
1620000201
1620000334
1620000443
1620000552
1620000649
1620000746
1620000843
1620000952
1620001121
1620001218
1620001327
1620001424
1620001521
1620001642
1620001751
1620001908
1620001993
1620002102
1620002211
1620002308
1620002453
1620002574
1620002695
1620002768
1620002877
1620003010
1620003107
1620003252
1620003349
1620003458
1620003567
1620003688
1620003773
1620003870
1620004075
1620004196
1620004293
1620004402
1620004523
1620004632
1620004741
1620004838
1620004983
1620005068
1620005177
1620005286
1620005383
1620005540
1620005649
1620005758
1620005879
1620005976
1620006073
1620006218
1620006339
1620006436
1620006521
1620006630
1620006739
1620006848
1620006957
1620007054
1620007211
1620007332
1620007429
1620007526
1620007623
1620007720
1620007817
1620007926
1620008083
1620008204
1620008301
1620008398
1620008531
1620008604
1620008713
1620008870
1620008955
1620009064
1620009257
1620009330
1620009439
1620009560
1620009657
1620009766
1620009875
1620009972
1620010081
1620010190
1620010299
1620010444
1620010553
1620010662
1620010771
1620010880
1620010977
1620011074
1620011183
1620011280
1620011389
1620011510
1620011607
1620011716
1620011813
1620011910
1620012055
1620012164
1620012273
1620012382
1620012479
1620012588
1620012697
1620012806
1620012903
1620012988
1620013085
1620013242
1620013339
1620013424
1620013509
1620013666
1620013751
1620013836
1620013957
1620014054
1620014211
1620014296
1620014477
1620014586
1620014695
1620014840
1620014937
1620015022
1620015131
1620015240
1620015397
1620015494
1620015615
1620015724
1620015845
1620015954
1620016075
1620016172
1620016269
1620016366
1620016463
1620016608
1620016717
1620016826
1620016923
1620017032
1620017285
1620017382
1620017479
1620017588
1620017697
1620072972
1620073069
1620073154
1620073239
1620073336
1620073433
1620073506
1620073591
1620073700
1620073785
1620073870
1620073967
1620074052
1620074137
1620074222
1620074307
1620074404
1620074489
1620074574
1620074671
1620074768
1620074877
1620074974
1620075059
1620075168
1620075253
1620075350
1620075447
1620075544
1620075641
1620075750
1620075847
1620075956
1620076053
1620076162
1620076259
1620076344
1620076429
1620076526
1620076623
1620076732
1620076841
1620076926
1620077023
1620077120
1620077217
1620077374
1620077471
1620077580
1620077665
1620077786
1620077955
1620078064
1620078161
1620078282
1620078391
1620078476
1620078585
1620078682
1620078791
1620078900
1620078973
1620079070
1620079167
1620079264
1620079373
1620079458
1620079591
1620079664
1620079761
1620079870
1620079979
1620080076
1620080173
1620080282
1620080379
1620080476
1620080585
1620080670
1620080767
1620080876
1620080973
1620081082
1620081179
1620081276
1620081397
1620081482
1620081639
1620081724
1620081809
1620081918
1620082015
1620082124
1620082233
1620082342
1620082439
1620082536
1620082633
1620082778
1620082851
1620082948
1620083045
1620083178
1620083263
1620083348
1620083445
1620083566
1620083663
1620083772
1620083869
1620083942
1620084039
1620084136
1620084233
1620084342
1620084451
1620084548
1620084657
1620084754
1620084863
1620084948
1620085033
1620085142
1620085239
1620085348
1620085445
1620085554
1620085651
1620085748
1620085857
1620085954
1620086063
1620086160
1620086269
1620086366
1620086451
1620086548
1620086657
1620086754
1620086815
1620086888
1620086973
1620087070
1620087167
1620087264
1620087349
1620087458
1620087555
1620087664
1620087761
1620087858
1620087967
1620088064
1620088161
1620088258
1620088379
1620088464
1620088573
1620088658
1620088743
1620088840
1620088937
1620089034
1620089155
1620089252
1620089337
1620089446
1620089531
1620089640
1620089737
1620089882
1620089979
1620090064
1620090173
1620090270
1620090379
1620090476
1620090573
1620090682
1620090791
1620090876
1620090973
1620091070
1620091179
1620091276
1620145882
1620145967
1620146076
1620146185
1620146270
1620146355
1620146452
1620146549
1620146646
1620146755
1620146852
1620146949
1620147046
1620147143
1620147228
1620147325
1620147422
1620147483
1620147568
1620147665
1620147750
1620147847
1620147956
1620148053
1620148174
1620148259
1620148344
1620148441
1620148526
1620148635
1620148720
1620148805
1620148902
1620148999
1620149096
1620149193
1620149290
1620149387
1620149472
1620149533
1620149606
1620149691
1620149800
1620149897
1620149994
1620150091
1620150176
1620150273
1620150370
1620150467
1620150564
1620150661
1620150758
1620150843
1620150940
1620151037
1620151134
1620151219
1620151304
1620151401
1620151498
1620151607
1620151704
1620151801
1620151886
1620151983
1620152080
1620152165
1620152286
1620152371
1620152456
1620152553
1620152650
1620152747
1620152832
1620152929
1620153026
1620153219
1620153316
1620153413
1620153522
1620153631
1620153704
1620153789
1620153886
1620153983
1620154056
1620154129
1620154214
1620154287
1620154396
1620154493
1620154578
1620154663
1620154736
1620154845
1620154918
1620155051
1620155136
1620155221
1620155318
1620155391
1620155464
1620155549
1620155622
1620155707
1620155780
1620155889
1620155974
1620156071
1620156168
1620156265
1620156350
1620156447
1620156544
1620156629
1620156726
1620156811
1620156920
1620157005
1620157114
1620157199
1620157296
1620157381
1620157490
1620157587
1620157672
1620157757
1620157854
1620157927
1620158024
1620158121
1620158218
1620158315
1620158412
1620158509
1620158606
1620158703
1620158788
1620158885
1620158982
1620159079
1620159164
1620159285
1620159382
1620159467
1620159552
1620159661
1620159758
1620159855
1620159952
1620160049
1620160158
1620160243
1620160340
1620160437
1620160534
1620160631
1620160728
1620160825
1620160934
1620161031
1620161140
1620161225
1620161334
1620161419
1620161516
1620161601
1620161746
1620161819
1620161892
1620161989
1620162086
1620162183
1620162268
1620162365
1620162462
1620162547
1620162644
1620162741
1620162838
1620162923
1620163020
1620163105
1620163190
1620163299
1620163384
1620163469
1620212167
1620212264
1620212349
1620212446
1620212531
1620212628
1620212725
1620212810
1620212979
1620213088
1620213173
1620213282
1620213355
1620213440
1620213537
1620213622
1620213719
1620213804
1620213973
1620214082
1620214167
1620214252
1620214325
1620214398
1620214483
1620214580
1620214653
1620214750
1620214847
1620214920
1620215017
1620215114
1620215199
1620215296
1620215381
1620215478
1620215563
1620215660
1620215733
1620215818
1620215915
1620216012
1620216121
1620216218
1620216315
1620216400
1620216497
1620216594
1620216679
1620216764
1620216849
1620216934
1620217031
1620217116
1620217213
1620217298
1620217395
1620217480
1620217589
1620217662
1620217747
1620217832
1620217941
1620218014
1620218087
1620218184
1620218269
1620218354
1620218427
1620218500
1620218597
1620218694
1620218767
1620218852
1620218961
1620219034
1620219131
1620219216
1620219313
1620219386
1620219483
1620219580
1620219689
1620219762
1620219859
1620219944
1620220029
1620220126
1620220235
1620220308
1620220405
1620220490
1620220587
1620220684
1620220757
1620220842
1620220927
1620221024
1620221097
1620221194
1620221279
1620221376
1620221461
1620221546
1620221655
1620221740
1620221837
1620221910
1620222007
1620222092
1620222189
1620222286
1620222371
1620222456
1620222541
1620222626
1620222735
1620222820
1620222905
1620222990
1620223075
1620223172
1620223269
1620223354
1620223427
1620223536
1620223621
1620223730
1620223803
1620223900
1620223997
1620224094
1620224179
1620224276
1620224361
1620224458
1620224555
1620224628
1620224725
1620224822
1620224907
1620224980
1620225053
1620225138
1620225235
1620225452
1620225549
1620225622
1620225683
1620225780
1620225865
1620225950
1620226047
1620226144
1620226217
1620226302
1620226387
1620226472
1620226557
1620226642
1620226727
1620226812
1620226897
1620226994
1620227067
1620227152
1620227225
1620227310
1620227383
1620227480
1620227577
1620227650
1620227723
1620227808
1620227893
1620227990
1620228075
1620228148
1620228233
1620228426
1620228499
1620228704
1620228789
1620228922
1620229007
1620229104
1620229177
1620275060
1620275133
1620275218
1620275303
1620275388
1620275485
1620275558
1620275643
1620275728
1620275801
1620275874
1620275935
1620276104
1620276237
1620276310
1620276371
1620276444
1620276517
1620276590
1620276663
1620276736
1620276809
1620276882
1620276943
1620277028
1620277113
1620277198
1620277271
1620277368
1620277453
1620277538
1620277623
1620277696
1620277781
1620277854
1620277927
1620278012
1620278097
1620278182
1620278255
1620278424
1620278557
1620278630
1620278691
1620278752
1620278849
1620278994
1620279079
1620279164
1620279249
1620279322
1620279419
1620279492
1620279589
1620279662
1620279747
1620279820
1620279905
1620279978
1620280063
1620280148
1620280233
1620280306
1620280391
1620280476
1620280549
1620280634
1620280707
1620280780
1620280865
1620280950
1620281047
1620281120
1620281205
1620281314
1620281375
1620281460
1620281557
1620281618
1620281703
1620281788
1620281861
1620281934
1620282019
1620282104
1620282189
1620282262
1620282347
1620282432
1620282517
1620282602
1620282687
1620282784
1620282857
1620282942
1620283015
1620283100
1620283173
1620283246
1620283379
1620283452
1620283513
1620283598
1620283683
1620283756
1620283841
1620283902
1620283999
1620284084
1620284169
1620284266
1620284351
1620284436
1620284533
1620284606
1620284679
1620284764
1620284837
1620284910
1620284995
1620285080
1620285165
1620285238
1620285311
1620285408
1620285493
1620285578
1620285651
1620285724
1620285809
1620285894
1620285979
1620286064
1620286149
1620286234
1620286307
1620286380
1620286453
1620286526
1620286671
1620286768
1620286841
1620286914
1620286987
1620287060
1620287121
1620287206
1620287303
1620287376
1620287473
1620287546
1620287631
1620287704
1620287777
1620287850
1620287947
1620288020
1620288105
1620288226
1620288335
1620288408
1620288469
1620288554
1620288627
1620288712
1620288785
1620288858
1620288931
1620289004
1620289101
1620289186
1620289283
1620289356
1620289429
1620289514
1620289599
1620289684
1620289769
1620289830
1620289903
1620290012
1620290085
1620290158
1620290243
1620334817
1620334962
1620335083
1620335156
1620335229
1620335386
1620335459
1620335556
1620335653
1620335726
1620335799
1620335884
1620335957
1620336042
1620336115
1620336200
1620336273
1620336382
1620336467
1620336540
1620336601
1620336674
1620336747
1620336808
1620336881
1620336954
1620337027
1620337100
1620337173
1620337246
1620337319
1620337404
1620337477
1620337562
1620337623
1620337708
1620337781
1620337866
1620337939
1620338012
1620338097
1620338170
1620338423
1620338496
1620338593
1620338666
1620338739
1620338812
1620338885
1620338958
1620339031
1620339104
1620339177
1620339250
1620339323
1620339384
1620339457
1620339530
1620339603
1620339676
1620339749
1620339822
1620339895
1620339968
1620340041
1620340114
1620340187
1620340272
1620340345
1620340430
1620340527
1620340672
1620340745
1620340854
1620340951
1620341024
1620341109
1620341266
1620341351
1620341424
1620341497
1620341582
1620341667
1620341740
1620341909
1620341982
1620342055
1620342188
1620342261
1620342334
1620342419
1620342516
1620342613
1620342674
1620342759
1620342832
1620342905
1620342978
1620343063
1620343148
1620343221
1620343306
1620343379
1620343452
1620343525
1620343634
1620343731
1620343804
1620343865
1620343938
1620344011
1620344084
1620344157
1620344230
1620344315
1620344388
1620344461
1620344534
1620344607
1620344740
1620344813
1620344898
1620344971
1620345056
1620345129
1620345202
1620345275
1620345348
1620345421
1620345494
1620345627
1620345700
1620345773
1620345846
1620345967
1620346052
1620346125
1620346198
1620346271
1620346356
1620346429
1620346502
1620346575
1620346648
1620346721
1620346794
1620346867
1620346952
1620347037
1620347110
1620347183
1620347256
1620347329
1620347414
1620347487
1620347572
1620347633
1620347706
1620347791
1620347864
1620347937
1620348106
1620348167
1620348252
1620348325
1620348398
1620348471
1620348580
1620348641
1620348714
1620348775
1620348860
1620348933
1620349018
1620349091
1620349176
1620349249
1620349322
1620349395
1620349480
1620396139
1620396200
1620396273
1620396346
1620396455
1620396528
1620396601
1620396674
1620396759
1620396904
1620396977
1620397050
1620397159
1620397256
1620397329
1620397402
1620397475
1620397608
1620397669
1620397742
1620397815
1620397888
1620397961
1620398034
1620398119
1620398192
1620398325
1620398410
1620398483
1620398556
1620398629
1620398714
1620398799
1620398920
1620398993
1620399078
1620399151
1620399224
1620399333
1620399406
1620399479
1620399540
1620399613
1620399674
1620399747
1620399808
1620399881
1620399954
1620400111
1620400208
1620400293
1620400366
1620400523
1620400668
1620400741
1620400826
1620400887
1620400960
1620401033
1620401154
1620401227
1620401312
1620401385
1620401458
1620401531
1620401604
1620401689
1620401834
1620401943
1620402052
1620402137
1620402246
1620402331
1620402404
1620402477
1620402550
1620402635
1620402744
1620402829
1620402902
1620402975
1620403048
1620403121
1620403194
1620403303
1620403376
1620403485
1620403570
1620403643
1620403752
1620403825
1620403922
1620404007
1620404104
1620404189
1620404334
1620404407
1620404528
1620404601
1620404662
1620404723
1620404784
1620404869
1620404942
1620405027
1620405136
1620405209
1620405294
1620405415
1620405488
1620405561
1620405658
1620405779
1620405852
1620405925
1620405998
1620406071
1620406144
1620406277
1620406338
1620406411
1620406484
1620406557
1620406750
1620406859
1620406992
1620407101
1620407222
1620407295
1620407368
1620407441
1620407514
1620407587
1620407660
1620407733
1620407806
1620407879
1620407952
1620408049
1620408122
1620408195
1620408280
1620408353
1620408426
1620408499
1620408572
1620408645
1620408718
1620408851
1620408924
1620408997
1620409070
1620409143
1620409216
1620409361
1620409422
1620409495
1620409580
1620409689
1620409762
1620409835
1620409908
1620409981
1620410102
1620410187
1620410260
1620410333
1620410406
1620410515
1620410624
1620410697
1620410770
1620410843
1620410928
1620411061
1620411134
1620411207
1620411280
1620411353
1620411426
1620411499
1620411572
1620411645
1620411730
1620411803
1620458623
1620458732
1620458805
1620458878
1620458951
1620459024
1620459097
1620459158
1620459315
1620459388
1620459497
1620459570
1620459631
1620459776
1620459849
1620459958
1620460043
1620460104
1620460177
1620460250
1620460323
1620460396
1620460553
1620460626
1620460687
1620460760
1620460833
1620460906
1620461027
1620461100
1620461173
1620461378
1620461451
1620461656
1620461729
1620461802
1620461911
1620461972
1620462081
1620462154
1620462239
1620462348
1620462421
1620462482
1620462591
1620462688
1620462761
1620462882
1620462943
1620463016
1620463089
1620463150
1620463223
1620463296
1620463417
1620463502
1620463563
1620463636
1620463709
1620463782
1620463891
1620463964
1620464037
1620464110
1620464183
1620464256
1620464329
1620464438
1620464511
1620464584
1620464669
1620464742
1620464815
1620464888
1620464961
1620465034
1620465179
1620465312
1620465385
1620465458
1620465627
1620465784
1620465845
1620466002
1620466063
1620466136
1620466245
1620466330
1620466403
1620466488
1620466561
1620466634
1620466695
1620466756
1620466841
1620466950
1620467023
1620467096
1620467181
1620467302
1620467375
1620467448
1620467509
1620467582
1620467691
1620467800
1620467861
1620467982
1620468055
1620468128
1620468273
1620468370
1620468431
1620468504
1620468577
1620468686
1620468759
1620468832
1620468905
1620468978
1620469099
1620469172
1620469245
1620469318
1620469391
1620469500
1620469573
1620469646
1620469731
1620469828
1620469901
1620469974
1620470047
1620470120
1620470241
1620470314
1620470387
1620470496
1620470581
1620470642
1620470715
1620470788
1620470849
1620470994
1620471139
1620471200
1620471321
1620471382
1620471455
1620471528
1620471601
1620471674
1620471747
1620471856
1620471941
1620472014
1620472075
1620472160
1620472269
1620472342
1620472403
1620472464
1620472525
1620472610
1620472719
1620472804
1620472877
1620472998
1620473071
1620473144
1620473241
1620473314
1620473387
1620473544
1620473677
1620473822
1620473931
1620474016
1620474185
1620474390
1620474451
1620474524
1620474585
1620474646
1620474707
1620525465
1620525538
1620525611
1620525708
1620525781
1620525854
1620525999
1620526072
1620526145
1620526302
1620526411
1620526484
1620526557
1620526714
1620526787
1620526860
1620526981
1620527054
1620527115
1620527248
1620527357
1620527466
1620527575
1620527672
1620527733
1620527806
1620527879
1620527988
1620528061
1620528158
1620528231
1620528304
1620528413
1620528510
1620528619
1620528692
1620528753
1620528874
1620528947
1620529020
1620529129
1620529202
1620529275
1620529372
1620529445
1620529518
1620529579
1620529640
1620529785
1620529930
1620530003
1620530112
1620530185
1620530330
1620530403
1620530536
1620530645
1620530718
1620530791
1620530888
1620530949
1620531058
1620531143
1620531276
1620531349
1620531410
1620531507
1620531580
1620531701
1620531786
1620531895
1620531968
1620532077
1620532174
1620532295
1620532368
1620532465
1620532550
1620532623
1620532756
1620532901
1620533010
1620533083
1620533156
1620533265
1620533350
1620533459
1620533520
1620533605
1620533678
1620533823
1620534016
1620534089
1620534162
1620534259
1620534356
1620534465
1620534574
1620534683
1620534804
1620534877
1620534938
1620535011
1620535072
1620535277
1620535362
1620535435
1620535580
1620535713
1620535786
1620535907
1620536004
1620536101
1620536174
1620536235
1620536308
1620536381
1620536454
1620536563
1620536636
1620536709
1620536782
1620536891
1620536976
1620537049
1620537170
1620537243
1620537304
1620537377
1620537522
1620537631
1620537716
1620537777
1620537850
1620537959
1620538056
1620538165
1620538238
1620538311
1620538408
1620538481
1620538554
1620538663
1620538760
1620538833
1620538942
1620539015
1620539088
1620539149
1620539222
1620539331
1620539440
1620539513
1620539586
1620539695
1620539756
1620539829
1620539926
1620540047
1620540120
1620540229
1620540302
1620540423
1620540496
1620540617
1620540678
1620540751
1620540812
1620541053
1620541114
1620541211
1620541284
1620541357
1620541418
1620541515
1620541612
1620541685
1620541794
1620541867
1620541976
1620542061
1620542170
