START
3005293982
3005294103
3005294224
3005294345
3005294478
3005294587
3005294672
3005294769
3005294842
3005294963
3005295060
3005295169
3005295290
3005295411
3005295484
3005295581
3005295690
3005295799
3005295872
3005295957
3005296030
3005296127
3005296236
3005296345
3005296454
3005296527
3005296624
3005296721
3005296830
3005296891
3005297024
3005297145
3005297266
3005297363
3005297448
3005297521
3005297642
3005297751
3005297824
3005297981
3005298078
3005298199
3005298320
3005298417
3005298526
3005298599
3005298720
3005298853
3005298962
3005299059
3005299144
3005299265
3005299386
3005299483
3005299580
3005299689
3005299798
3005299871
3005299992
3005300113
3005300222
3005300355
3005300452
3005300549
3005300610
3005300719
3005300828
3005300937
3005301058
3005301131
3005301228
3005301337
3005301530
3005301627
3005301700
3005301821
3005301918
3005302015
3005414127
3005414236
3005414345
3005414454
3005414563
3005414672
3005414793
3005414938
3005415023
3005415144
3005415241
3005415350
3005415459
3005415556
3005415725
3005415834
3005415943
3005416040
3005416149
3005416246
3005416355
3005416464
3005416573
3005416682
3005416779
3005416888
3005417081
3005417202
3005417323
3005417420
3005417565
3005417686
3005417783
3005417880
3005417977
3005418086
3005418279
3005418436
3005418545
3005418666
3005418787
3005418968
3005419065
3005419162
3005419307
3005419392
3005419513
3005419610
3005419707
3005419840
3005419961
3005420070
3005420191
3005420300
3005420385
3005420482
3005420579
3005420712
3005420869
3005420990
3005421099
3005421208
3005421305
3005421450
3005421547
3005421644
3005421741
3005421850
3005422007
3005422104
3005422213
3005422322
3005422407
3005422516
3005422625
3005422746
3005422855
3005422964
3005423073
3005423182
3005423291
3005423388
3005423473
3005423570
3005423667
3005423776
3005423873
3005423982
3005424091
3005424200
3005424309
3005424406
3005424503
3005424612
3005424721
3005424830
3005424951
3005425048
3005425157
3005425266
3005425363
3005425472
3005425689
3005425798
3005425919
3005426040
3005426137
3005426246
3005426343
3005426464
3005426669
3005426730
3005426839
3005426948
3005427045
3005427154
3005427275
3005427372
3005427481
3005427590
3005427699
3005427904
3005428001
3005428074
3005428183
3005428268
3005428413
3005428522
3005428631
3005428716
3005428825
3005428934
3005429043
3005429152
3005429249
3005429322
3005429431
3005429540
3005429637
3005429734
3005429843
3005429952
3005430085
3005430182
3005430279
3005430424
3005430545
3005430630
3005430727
3005430836
3005430897
3005431006
3005431091
3005431188
3005431309
3005431406
3005431515
3005431660
3005431769
3005431854
3005431951
3005432060
3005432157
3005432266
3005432423
3005432532
3005432641
3005432726
3005432823
3005432920
3005433029
3005433150
3005433259
3005433320
3005433429
3005433526
3005433635
3005433744
3005433937
3005433998
3005434107
3005434204
3005434289
3005434398
3005434495
3005434604
3005434713
3005491545
3005491642
3005491727
3005491872
3005491981
3005492078
3005492163
3005492248
3005492357
3005492502
3005492587
3005492696
3005492781
3005492914
3005492987
3005493084
3005493181
3005493290
3005493387
3005493484
3005493581
3005493702
3005493811
3005493908
3005494017
3005494126
3005494235
3005494344
3005494441
3005494502
3005494659
3005494756
3005494865
3005494962
3005495059
3005495168
3005495265
3005495374
3005495483
3005495616
3005495701
3005495786
3005495895
3005496004
3005496113
3005496210
3005496319
3005496416
3005496525
3005496622
3005496719
3005496828
3005496937
3005497046
3005497143
3005497252
3005497337
3005497446
3005497543
3005497652
3005497749
3005497846
3005497979
3005498076
3005498185
3005498282
3005498391
3005498476
3005498585
3005498682
3005498767
3005498864
3005498973
3005499070
3005499179
3005499276
3005499385
3005499494
3005499591
3005499700
3005499797
3005499906
3005500015
3005500100
3005500209
3005500318
3005500415
3005500524
3005500621
3005500718
3005500815
3005500924
3005501033
3005501130
3005501275
3005501384
3005501469
3005501554
3005501651
3005501748
3005501845
3005501942
3005502051
3005502160
3005502257
3005502354
3005502451
3005502548
3005502777
3005502934
3005503079
3005503188
3005503357
3005503466
3005503563
3005503672
3005503769
3005503878
3005503975
3005504084
3005504193
3005504302
3005504387
3005504496
3005504605
3005504714
3005504823
3005504920
3005505029
3005505114
3005505211
3005505332
3005505429
3005505526
3005505635
3005505744
3005505853
3005505950
3005506059
3005506168
3005506277
3005506386
3005506483
3005506580
3005506689
3005506798
3005506979
3005507136
3005507233
3005507330
3005507415
3005507536
3005507609
3005507694
3005507839
3005507924
3005508009
3005508106
3005508215
3005508348
3005508445
3005508542
3005508639
3005508760
3005508857
3005508966
3005509063
3005509160
3005509269
3005509414
3005509475
3005509572
3005509669
3005509766
3005509875
3005509972
3005510057
3005510154
3005510263
3005510360
3005510469
3005510566
3005510675
3005564545
3005564642
3005564727
3005564824
3005564909
3005565006
3005565091
3005565176
3005565261
3005565358
3005565467
3005565564
3005565649
3005565758
3005565867
3005565952
3005566049
3005566134
3005566231
3005566328
3005566437
3005566534
3005566631
3005566740
3005566837
3005566946
3005567031
3005567140
3005567249
3005567358
3005567455
3005567540
3005567625
3005567734
3005567831
3005567928
3005568037
3005568146
3005568231
3005568328
3005568425
3005568522
3005568631
3005568740
3005568849
3005568934
3005569031
3005569128
3005569285
3005569370
3005569443
3005569528
3005569637
3005569734
3005569843
3005569940
3005570025
3005570146
3005570219
3005570328
3005570437
3005570534
3005570607
3005570704
3005570801
3005570910
3005570983
3005571068
3005571177
3005571274
3005571383
3005571468
3005571577
3005571662
3005571759
3005571856
3005571941
3005572038
3005572123
3005572220
3005572317
3005572414
3005572499
3005572596
3005572693
3005572790
3005572875
3005572972
3005573081
3005573166
3005573287
3005573372
3005573469
3005573566
3005573651
3005573736
3005573833
3005573930
3005574039
3005574136
3005574221
3005574318
3005574403
3005574500
3005574621
3005574706
3005574815
3005574912
3005574997
3005575094
3005575179
3005575264
3005575385
3005575470
3005575567
3005575664
3005575761
3005575846
3005575955
3005576052
3005576137
3005576246
3005576343
3005576440
3005576525
3005576622
3005576707
3005576816
3005576901
3005576998
3005577083
3005577180
3005577289
3005577374
3005577471
3005577556
3005577653
3005577750
3005577847
3005577944
3005578041
3005578138
3005578235
3005578332
3005578417
3005578490
3005578587
3005578672
3005578769
3005578878
3005578963
3005579060
3005579169
3005579254
3005579363
3005579448
3005579545
3005579642
3005579751
3005579836
3005579921
3005580018
3005580127
3005580212
3005580297
3005580394
3005580491
3005580588
3005580673
3005580770
3005580855
3005580940
3005581037
3005581146
3005581231
3005581340
3005581437
3005581510
3005581595
3005581668
3005581753
3005630138
3005630247
3005630392
3005630501
3005630586
3005630671
3005630756
3005630841
3005630926
3005631011
3005631096
3005631181
3005631278
3005631363
3005631460
3005631557
3005631642
3005631739
3005631824
3005631921
3005631994
3005632079
3005632176
3005632261
3005632346
3005632431
3005632528
3005632601
3005632698
3005632795
3005632904
3005632977
3005633062
3005633147
3005633244
3005633341
3005633426
3005633511
3005633608
3005633693
3005633790
3005633887
3005633972
3005634069
3005634166
3005634251
3005634348
3005634433
3005634518
3005634627
3005634712
3005634797
3005634882
3005634991
3005635160
3005635269
3005635366
3005635451
3005635536
3005635621
3005635694
3005635791
3005635876
3005635961
3005636034
3005636107
3005636180
3005636253
3005636338
3005636459
3005636532
3005636629
3005636714
3005636787
3005636860
3005636933
3005637006
3005637079
3005637152
3005637249
3005637322
3005637395
3005637492
3005637589
3005637674
3005637747
3005637832
3005637917
3005638014
3005638123
3005638196
3005638269
3005638354
3005638451
3005638536
3005638621
3005638694
3005638791
3005638888
3005638985
3005639070
3005639155
3005639252
3005639337
3005639422
3005639495
3005639592
3005639677
3005639774
3005639859
3005639932
3005640029
3005640126
3005640223
3005640308
3005640393
3005640466
3005640575
3005640660
3005640745
3005640818
3005640903
3005640988
3005641073
3005641134
3005641207
3005641292
3005641377
3005641462
3005641559
3005641644
3005641741
3005641826
3005641911
3005641996
3005642093
3005642178
3005642263
3005642348
3005642457
3005642530
3005642627
3005642724
3005642809
3005642894
3005642979
3005643052
3005643149
3005643234
3005643343
3005643428
3005643501
3005643598
3005643683
3005643780
3005643853
3005644034
3005644131
3005644204
3005644277
3005644362
3005644447
3005644532
3005644629
3005644714
3005644799
3005644896
3005644981
3005645054
3005645139
3005645224
3005645309
3005645406
3005645503
3005645576
3005645661
3005645746
3005645843
3005645928
3005646025
3005646110
3005646207
3005646292
3005646365
3005646450
3005646523
3005692373
3005692446
3005692519
3005692592
3005692677
3005692762
3005692835
3005692920
3005693017
3005693090
3005693163
3005693236
3005693321
3005693406
3005693479
3005693552
3005693637
3005693710
3005693795
3005693880
3005693953
3005694038
3005694111
3005694184
3005694269
3005694342
3005694439
3005694500
3005694597
3005694682
3005694767
3005694840
3005694913
3005694998
3005695095
3005695180
3005695253
3005695326
3005695399
3005695472
3005695557
3005695630
3005695703
3005695776
3005695861
3005695934
3005696019
3005696092
3005696189
3005696274
3005696359
3005696456
3005696529
3005696602
3005696675
3005696772
3005696845
3005696930
3005697003
3005697076
3005697161
3005697246
3005697319
3005697392
3005697477
3005697550
3005697647
3005697732
3005697829
3005697902
3005697975
3005698060
3005698133
3005698206
3005698279
3005698364
3005698437
3005698510
3005698583
3005698668
3005698741
3005698814
3005698887
3005698960
3005699033
3005699106
3005699179
3005699264
3005699337
3005699410
3005699495
3005699580
3005699641
3005699738
3005699835
3005699908
3005699993
3005700078
3005700163
3005700236
3005700357
3005700418
3005700491
3005700576
3005700673
3005700758
3005700843
3005700916
3005700977
3005701050
3005701123
3005701196
3005701281
3005701342
3005701427
3005701524
3005701597
3005701670
3005701755
3005701828
3005701901
3005701986
3005702059
3005702144
3005702229
3005702302
3005702375
3005702448
3005702557
3005702642
3005702703
3005702776
3005702861
3005702934
3005703019
3005703104
3005703177
3005703274
3005703359
3005703420
3005703493
3005703566
3005703627
3005703724
3005703809
3005703894
3005703967
3005704052
3005704125
3005704222
3005704307
3005704380
3005704453
3005704538
3005704611
3005704708
3005704805
3005704866
3005704951
3005705024
3005705109
3005705170
3005705267
3005705340
3005705425
3005705510
3005705595
3005705680
3005705765
3005705826
3005705911
3005706008
3005706069
3005706166
3005706251
3005706348
3005706421
3005706494
3005706567
3005706640
3005706713
3005706786
3005706871
3005706956
3005752589
3005752674
3005752747
3005752832
3005752953
3005753026
3005753099
3005753160
3005753233
3005753306
3005753379
3005753440
3005753501
3005753574
3005753659
3005753732
3005753805
3005753878
3005754107
3005754192
3005754277
3005754350
3005754423
3005754496
3005754557
3005754618
3005754691
3005754764
3005754837
3005754910
3005754983
3005755044
3005755117
3005755190
3005755263
3005755336
3005755409
3005755482
3005755567
3005755640
3005755713
3005755774
3005755847
3005755920
3005755993
3005756078
3005756151
3005756236
3005756309
3005756382
3005756455
3005756540
3005756613
3005756686
3005756759
3005756832
3005756893
3005756966
3005757039
3005757124
3005757197
3005757270
3005757343
3005757428
3005757501
3005757574
3005757647
3005757732
3005757805
3005757866
3005757939
3005758012
3005758085
3005758170
3005758255
3005758328
3005758401
3005758474
3005758607
3005758692
3005758765
3005758838
3005758911
3005758996
3005759069
3005759142
3005759239
3005759444
3005759517
3005759590
3005759651
3005759748
3005759821
3005759990
3005760075
3005760148
3005760221
3005760366
3005760427
3005760512
3005760585
3005760658
3005760731
3005760804
3005760877
3005760950
3005761023
3005761096
3005761169
3005761242
3005761387
3005761544
3005761617
3005761690
3005761763
3005761836
3005761909
3005761970
3005762055
3005762140
3005762213
3005762298
3005762359
3005762564
3005762637
3005762722
3005762795
3005762868
3005762953
3005763038
3005763111
3005763196
3005763269
3005763342
3005763415
3005763488
3005763561
3005763634
3005763707
3005763792
3005763877
3005763950
3005764011
3005764096
3005764217
3005764290
3005764363
3005764436
3005764521
3005764594
3005764703
3005764800
3005764873
3005764958
3005765031
3005765104
3005765177
3005765250
3005765323
3005765396
3005765469
3005765542
3005765615
3005765688
3005765761
3005765822
3005765895
3005765968
3005766065
3005766138
3005766211
3005766284
3005766369
3005766442
3005766515
3005766600
3005766673
3005766746
3005766819
3005766892
3005766977
3005767062
3005767135
3005767208
3005767281
3005810032
3005810105
3005810178
3005810299
3005810372
3005810445
3005810518
3005810591
3005810664
3005810737
3005810810
3005810931
3005811004
3005811077
3005811138
3005811223
3005811308
3005811381
3005811454
3005811587
3005811672
3005811757
3005811830
3005811903
3005811976
3005812037
3005812158
3005812231
3005812292
3005812365
3005812438
3005812523
3005812644
3005812729
3005812802
3005812875
3005812948
3005813021
3005813118
3005813203
3005813264
3005813337
3005813410
3005813495
3005813568
3005813653
3005813726
3005813799
3005813908
3005814005
3005814078
3005814151
3005814272
3005814393
3005814478
3005814551
3005814624
3005814697
3005814854
3005814975
3005815096
3005815169
3005815230
3005815339
3005815460
3005815581
3005815654
3005815715
3005815788
3005815861
3005815946
3005816139
3005816224
3005816309
3005816382
3005816467
3005816528
3005816601
3005816686
3005816795
3005816868
3005816941
3005817026
3005817099
3005817160
3005817245
3005817330
3005817391
3005817464
3005817537
3005817646
3005817767
3005817840
3005817925
3005817998
3005818131
3005818192
3005818277
3005818350
3005818435
3005818508
3005818677
3005818786
3005818859
3005818932
3005819005
3005819102
3005819199
3005819260
3005819321
3005819394
3005819479
3005819540
3005819613
3005819698
3005819819
3005819880
3005819953
3005820038
3005820099
3005820184
3005820293
3005820366
3005820439
3005820512
3005820621
3005820718
3005820803
3005820876
3005820985
3005821058
3005821131
3005821204
3005821277
3005821350
3005821423
3005821496
3005821617
3005821702
3005821787
3005821848
3005821921
3005821994
3005822067
3005822152
3005822225
3005822382
3005822527
3005822612
3005822721
3005822806
3005822867
3005822940
3005823049
3005823158
3005823231
3005823352
3005823425
3005823510
3005823583
3005823656
3005823729
3005823838
3005823911
3005823984
3005824057
3005824130
3005824203
3005824276
3005824421
3005824482
3005824567
3005824688
3005824761
3005824834
3005824907
3005824980
3005825053
3005825126
3005825199
3005825260
3005825333
3005871133
3005871206
3005871267
3005871340
3005871413
3005871486
3005871559
3005871668
3005871741
3005871886
3005871947
3005872056
3005872129
3005872190
3005872263
3005872336
3005872493
3005872614
3005872687
3005872772
3005872833
3005872918
3005873051
3005873112
3005873185
3005873282
3005873355
3005873476
3005873585
3005873646
3005873719
3005873876
3005873985
3005874046
3005874131
3005874240
3005874361
3005874434
3005874543
3005874616
3005874689
3005874750
3005874871
3005874992
3005875209
3005875318
3005875379
3005875536
3005875609
3005875766
3005875887
3005875960
3005876033
3005876094
3005876179
3005876240
3005876313
3005876470
3005876579
3005876664
3005876737
3005876810
3005876883
3005876944
3005877005
3005877126
3005877199
3005877284
3005877477
3005877586
3005877707
3005877792
3005877865
3005877950
3005878047
3005878132
3005878253
3005878326
3005878399
3005878472
3005878545
3005878618
3005878691
3005878800
3005878897
3005879006
3005879067
3005879128
3005879201
3005879262
3005879335
3005879396
3005879469
3005879542
3005879663
3005879724
3005879857
3005879954
3005880015
3005880076
3005880149
3005880222
3005880331
3005880404
3005880477
3005880550
3005880623
3005880732
3005880805
3005880878
3005880951
3005881036
3005881205
3005881314
3005881399
3005881472
3005881545
3005881666
3005881739
3005881812
3005881933
3005882018
3005882127
3005882188
3005882261
3005882370
3005882443
3005882516
3005882589
3005882650
3005882723
3005882784
3005882845
3005882918
3005883015
3005883088
3005883161
3005883234
3005883307
3005883368
3005883441
3005883634
3005883743
3005883852
3005883961
3005884022
3005884167
3005884228
3005884337
3005884422
3005884483
3005884592
3005884701
3005884774
3005884895
3005884968
3005885029
3005885114
3005885175
3005885248
3005885321
3005885478
3005885551
3005885612
3005885721
3005885782
3005885867
3005885928
3005886037
3005886098
3005886183
3005886244
3005886317
3005886390
3005886463
3005886536
3005886609
3005886694
3005886851
3005886924
3005886985
3005887142
3005887263
3005887336
3005887409
3005933850
3005933935
3005933996
3005934057
3005934130
3005934239
3005934312
3005934385
3005934542
3005934651
3005934748
3005934857
3005934930
3005935003
3005935112
3005935185
3005935258
3005935331
3005935404
3005935549
3005935658
3005935743
3005935864
3005935937
3005936010
3005936095
3005936228
3005936301
3005936410
3005936483
3005936604
3005936677
3005936750
3005936811
3005936920
3005936993
3005937066
3005937151
3005937224
3005937297
3005937418
3005937479
3005937552
3005937661
3005937734
3005937855
3005937928
3005938037
3005938110
3005938183
3005938304
3005938401
3005938474
3005938547
3005938620
3005938729
3005938802
3005938911
3005938984
3005939057
3005939130
3005939191
3005939264
3005939361
3005939434
3005939627
3005939736
3005939809
3005939882
3005939955
3005940064
3005940161
3005940294
3005940403
3005940476
3005940549
3005940622
3005940731
3005940804
3005940877
3005940950
3005941059
3005941132
3005941205
3005941326
3005941399
3005941460
3005941521
3005941618
3005941691
3005941764
3005941849
3005941946
3005942019
3005942080
3005942153
3005942250
3005942323
3005942396
3005942505
3005942614
3005942687
3005942796
3005942881
3005942954
3005943015
3005943100
3005943209
3005943282
3005943367
3005943452
3005943525
3005943610
3005943683
3005943792
3005943865
3005944070
3005944143
3005944216
3005944325
3005944398
3005944471
3005944628
3005944737
3005944810
3005944871
3005944944
3005945053
3005945126
3005945199
3005945308
3005945381
3005945454
3005945527
3005945720
3005945817
3005946010
3005946131
3005946204
3005946313
3005946386
3005946459
3005946532
3005946605
3005946714
3005946787
3005946860
3005946969
3005947066
3005947139
3005947248
3005947357
3005947478
3005947575
3005947708
3005947781
3005947854
3005947963
3005948060
3005948205
3005948278
3005948399
3005948460
3005948533
3005948606
3005948715
3005948800
3005948873
3005948982
3005949055
3005949128
3005949189
3005949298
3005949395
3005949468
3005949577
3005949650
3005949759
3005949856
3005949965
3005950074
3005950147
3005950292
3005950365
3005950474
