START
2134936939
2134937048
2134937109
2134937206
2134937327
2134937436
2134937509
2134937606
2134937715
2134937824
2134937897
2134938018
2134938127
2134938260
2134938369
2134938466
2134938539
2134938648
2134938769
2134938854
2134938927
2134939024
2134939169
2134939290
2134939411
2134939544
2134939629
2134939726
2134939787
2134939908
2134940029
2134940126
2134940235
2134940308
2134940429
2134940538
2134940671
2134940768
2134940913
2134940998
2134941095
2134941168
2134941253
2134941350
2134941411
2134941532
2134941653
2134941774
2134941871
2134942004
2134942101
2134942210
2134942271
2134942368
2134942489
2134942634
2134942767
2134942888
2134942985
2134943094
2134943203
2134943264
2134943385
2134943494
2134943591
2134943652
2134943737
2134943846
2134943967
2134944064
2134944149
2134944246
2134944379
2134944500
2134944609
2134944706
2134944815
2134944924
2134945033
2135050740
2135050837
2135050898
2135051007
2135051116
2135051237
2135051334
2135051431
2135051540
2135051661
2135051758
2135051867
2135051976
2135052085
2135052206
2135052315
2135052436
2135052593
2135052678
2135052775
2135052884
2135053005
2135053102
2135053223
2135053356
2135053477
2135053574
2135053671
2135053828
2135053913
2135054010
2135054131
2135054240
2135054337
2135054494
2135054567
2135054688
2135054797
2135054906
2135055015
2135055124
2135055245
2135055354
2135055451
2135055596
2135055693
2135055802
2135055923
2135056032
2135056153
2135056274
2135056419
2135056504
2135056613
2135056722
2135056927
2135057048
2135057157
2135057278
2135057387
2135057544
2135057629
2135057726
2135057823
2135057980
2135058077
2135058198
2135058319
2135058404
2135058537
2135058646
2135058743
2135058852
2135058961
2135059070
2135059131
2135059240
2135059349
2135059446
2135059567
2135059676
2135059773
2135059882
2135059979
2135060088
2135060197
2135060306
2135060463
2135060572
2135060669
2135060766
2135060911
2135061020
2135061117
2135061250
2135061347
2135061456
2135061565
2135061650
2135061771
2135061880
2135062049
2135062134
2135062231
2135062340
2135062461
2135062570
2135062727
2135062824
2135062933
2135063030
2135063187
2135063308
2135063405
2135063514
2135063623
2135063720
2135063829
2135063938
2135064035
2135064108
2135064217
2135064326
2135064423
2135064532
2135064653
2135064750
2135064847
2135064980
2135065089
2135065198
2135065319
2135065416
2135065561
2135065670
2135065791
2135065876
2135065973
2135066094
2135066203
2135066324
2135066433
2135066554
2135066711
2135066808
2135066905
2135067014
2135067123
2135067232
2135067317
2135067426
2135067547
2135067692
2135067813
2135067898
2135067995
2135068104
2135068225
2135068322
2135068431
2135068540
2135068649
2135068794
2135068879
2135068976
2135069085
2135069194
2135069351
2135069448
2135069557
2135069666
2135069763
2135069860
2135069969
2135070066
2135070163
2135070260
2135070369
2135070478
2135070575
2135070672
2135070781
2135070878
2135127869
2135127966
2135128063
2135128208
2135128305
2135128402
2135128511
2135128596
2135128693
2135128802
2135128899
2135129008
2135129105
2135129214
2135129383
2135129468
2135129565
2135129650
2135129747
2135129832
2135129989
2135130086
2135130195
2135130292
2135130377
2135130498
2135130595
2135130704
2135130777
2135130850
2135130947
2135131068
2135131165
2135131322
2135131419
2135131504
2135131601
2135131686
2135131771
2135131856
2135131965
2135132074
2135132183
2135132340
2135132425
2135132510
2135132607
2135132752
2135132849
2135132934
2135133019
2135133128
2135133249
2135133334
2135133443
2135133552
2135133661
2135133758
2135133903
2135134012
2135134097
2135134194
2135134291
2135134436
2135134533
2135134642
2135134751
2135134848
2135134933
2135135042
2135135151
2135135248
2135135357
2135135466
2135135695
2135135768
2135135877
2135135974
2135136083
2135136192
2135136289
2135136446
2135136531
2135136616
2135136725
2135136822
2135136943
2135137064
2135137161
2135137258
2135137367
2135137464
2135137609
2135137718
2135137911
2135137996
2135138105
2135138214
2135138335
2135138432
2135138529
2135138734
2135138831
2135138940
2135139049
2135139194
2135139291
2135139376
2135139485
2135139594
2135139691
2135139800
2135139909
2135140018
2135140115
2135140248
2135140333
2135140454
2135140575
2135140672
2135140745
2135140854
2135141011
2135141240
2135141325
2135141434
2135141531
2135141628
2135141737
2135141858
2135141967
2135142076
2135142173
2135142282
2135142391
2135142548
2135142645
2135142754
2135142851
2135142948
2135143033
2135143142
2135143239
2135143336
2135143445
2135143542
2135143651
2135143760
2135143857
2135143954
2135144051
2135144160
2135144365
2135144486
2135144595
2135144776
2135144885
2135144994
2135145103
2135145200
2135145309
2135145406
2135145515
2135145612
2135145733
2135145854
2135145975
2135146084
2135146169
2135146254
2135146363
2135146460
2135146605
2135146786
2135146871
2135146968
2135147125
2135147198
2135147295
2135147404
2135147513
2135147610
2135147707
2135147864
2135147937
2135148010
2135148119
2135202872
2135202981
2135203078
2135203163
2135203260
2135203345
2135203454
2135203563
2135203660
2135203757
2135203854
2135203939
2135204084
2135204157
2135204266
2135204375
2135204472
2135204569
2135204642
2135204739
2135204836
2135204993
2135205138
2135205247
2135205344
2135205441
2135205550
2135205647
2135205744
2135205853
2135205950
2135206059
2135206156
2135206253
2135206350
2135206447
2135206544
2135206641
2135206822
2135206931
2135207028
2135207125
2135207222
2135207319
2135207428
2135207537
2135207634
2135207719
2135207816
2135207925
2135208022
2135208131
2135208252
2135208337
2135208434
2135208543
2135208628
2135208713
2135208822
2135209003
2135209100
2135209209
2135209306
2135209403
2135209488
2135209585
2135209694
2135209791
2135209900
2135209985
2135210082
2135210191
2135210288
2135210385
2135210494
2135210579
2135210700
2135210773
2135210882
2135210967
2135211064
2135211149
2135211246
2135211343
2135211440
2135211537
2135211646
2135211779
2135211876
2135211949
2135212058
2135212131
2135212228
2135212337
2135212434
2135212543
2135212640
2135212725
2135212822
2135212895
2135212968
2135213053
2135213162
2135213259
2135213344
2135213441
2135213538
2135213647
2135213744
2135213841
2135213950
2135214059
2135214156
2135214253
2135214338
2135214435
2135214532
2135214641
2135214738
2135214835
2135214944
2135215029
2135215114
2135215223
2135215308
2135215405
2135215550
2135215647
2135215732
2135215841
2135215926
2135215999
2135216120
2135216205
2135216302
2135216411
2135216508
2135216617
2135216714
2135216823
2135216932
2135217029
2135217126
2135217235
2135217332
2135217441
2135217526
2135217731
2135217828
2135217937
2135218034
2135218131
2135218240
2135218337
2135218446
2135218555
2135218640
2135218749
2135218846
2135218943
2135219052
2135219161
2135219258
2135219343
2135219536
2135219645
2135219754
2135219839
2135219936
2135220021
2135220118
2135220215
2135220324
2135220421
2135220518
2135220627
2135220724
2135220821
2135220918
2135221027
2135221136
2135221245
2135221318
2135221427
2135221536
2135273028
2135273101
2135273186
2135273271
2135273380
2135273453
2135273526
2135273599
2135273684
2135273781
2135273866
2135273927
2135274012
2135274097
2135274194
2135274267
2135274364
2135274437
2135274522
2135274715
2135274800
2135274885
2135274994
2135275079
2135275176
2135275261
2135275358
2135275455
2135275540
2135275625
2135275710
2135275795
2135275892
2135275989
2135276074
2135276171
2135276280
2135276365
2135276462
2135276535
2135276632
2135276729
2135276826
2135276923
2135277032
2135277093
2135277190
2135277275
2135277360
2135277445
2135277530
2135277639
2135277724
2135277833
2135277906
2135278003
2135278100
2135278173
2135278270
2135278379
2135278476
2135278573
2135278658
2135278755
2135278840
2135278937
2135279022
2135279107
2135279204
2135279277
2135279362
2135279483
2135279556
2135279653
2135279750
2135279835
2135279932
2135280041
2135280114
2135280199
2135280284
2135280381
2135280478
2135280587
2135280660
2135280757
2135280854
2135280951
2135281036
2135281133
2135281230
2135281315
2135281400
2135281497
2135281582
2135281679
2135281764
2135281849
2135281946
2135282043
2135282152
2135282213
2135282298
2135282407
2135282492
2135282577
2135282674
2135282771
2135282844
2135282917
2135283002
2135283099
2135283196
2135283281
2135283366
2135283439
2135283512
2135283573
2135283634
2135283707
2135283804
2135283889
2135283986
2135284083
2135284168
2135284253
2135284338
2135284423
2135284508
2135284605
2135284702
2135284787
2135284920
2135285005
2135285102
2135285187
2135285284
2135285357
2135285442
2135285527
2135285624
2135285721
2135285806
2135285915
2135286000
2135286097
2135286170
2135286255
2135286328
2135286425
2135286510
2135286607
2135286680
2135286765
2135286862
2135286947
2135287044
2135287117
2135287214
2135287311
2135287420
2135287493
2135287578
2135287675
2135287760
2135287857
2135287942
2135288027
2135288112
2135288209
2135288306
2135288379
2135288464
2135288549
2135288646
2135288743
2135288840
2135288913
2135289010
2135289083
2135289168
2135289253
2135289326
2135289423
2135289520
2135289617
2135289714
2135335418
2135335491
2135335564
2135335649
2135335734
2135335807
2135335880
2135335953
2135336050
2135336135
2135336232
2135336305
2135336378
2135336451
2135336536
2135336621
2135336682
2135336755
2135336828
2135336913
2135336998
2135337143
2135337240
2135337325
2135337410
2135337495
2135337580
2135337665
2135337750
2135337835
2135337920
2135338005
2135338078
2135338175
2135338272
2135338345
2135338418
2135338503
2135338600
2135338697
2135338794
2135338867
2135338940
2135339025
2135339098
2135339171
2135339268
2135339353
2135339438
2135339523
2135339596
2135339669
2135339766
2135339839
2135339924
2135339985
2135340070
2135340167
2135340252
2135340349
2135340422
2135340495
2135340568
2135340653
2135340726
2135340787
2135340860
2135340957
2135341030
2135341115
2135341188
2135341261
2135341322
2135341407
2135341492
2135341553
2135341638
2135341735
2135341808
2135341893
2135341966
2135342051
2135342124
2135342197
2135342270
2135342331
2135342404
2135342501
2135342586
2135342659
2135342744
2135342817
2135342890
2135342975
2135343048
2135343133
2135343290
2135343399
2135343472
2135343569
2135343654
2135343727
2135343800
2135343909
2135343982
2135344055
2135344128
2135344213
2135344310
2135344371
2135344468
2135344541
2135344614
2135344699
2135344772
2135344857
2135344930
2135345027
2135345100
2135345185
2135345270
2135345379
2135345464
2135345537
2135345622
2135345707
2135345780
2135345877
2135345938
2135346023
2135346120
2135346193
2135346266
2135346339
2135346424
2135346497
2135346582
2135346655
2135346740
2135346825
2135346922
2135346995
2135347104
2135347177
2135347262
2135347347
2135347432
2135347517
2135347614
2135347687
2135347760
2135347845
2135347942
2135348015
2135348088
2135348161
2135348246
2135348319
2135348392
2135348489
2135348562
2135348719
2135348852
2135348925
2135348998
2135349083
2135349168
2135349241
2135349326
2135349411
2135349496
2135349581
2135349654
2135349739
2135349812
2135349909
2135349982
2135350055
2135350152
2135350237
2135350310
2135350395
2135350480
2135350565
2135350638
2135350711
2135350796
2135393309
2135393382
2135393455
2135393540
2135393613
2135393686
2135393759
2135393832
2135393905
2135393978
2135394051
2135394136
2135394209
2135394282
2135394367
2135394440
2135394525
2135394598
2135394671
2135394756
2135394841
2135394914
2135394987
2135395060
2135395133
2135395218
2135395303
2135395376
2135395461
2135395534
2135395619
2135395704
2135395777
2135395850
2135395935
2135396020
2135396093
2135396178
2135396251
2135396336
2135396409
2135396494
2135396579
2135396664
2135396725
2135396822
2135396895
2135396968
2135397041
2135397126
2135397211
2135397296
2135397357
2135397442
2135397515
2135397612
2135397721
2135397782
2135397855
2135397928
2135398001
2135398086
2135398171
2135398244
2135398329
2135398402
2135398487
2135398560
2135398633
2135398718
2135398923
2135399008
2135399081
2135399166
2135399239
2135399348
2135399433
2135399506
2135399591
2135399664
2135399737
2135399810
2135399883
2135399956
2135400029
2135400114
2135400187
2135400260
2135400333
2135400418
2135400503
2135400576
2135400649
2135400734
2135400807
2135400892
2135400965
2135401050
2135401123
2135401196
2135401269
2135401354
2135401427
2135401488
2135401561
2135401646
2135401719
2135401804
2135401877
2135401962
2135402035
2135402108
2135402181
2135402266
2135402339
2135402412
2135402497
2135402558
2135402643
2135402716
2135402801
2135402874
2135402959
2135403044
2135403105
2135403190
2135403263
2135403336
2135403421
2135403494
2135403567
2135403640
2135403725
2135403786
2135403859
2135403932
2135403993
2135404066
2135404139
2135404212
2135404273
2135404346
2135404431
2135404504
2135404577
2135404650
2135404747
2135404820
2135404905
2135404966
2135405027
2135405112
2135405185
2135405270
2135405343
2135405416
2135405501
2135405574
2135405659
2135405744
2135405817
2135405890
2135405963
2135406036
2135406121
2135406194
2135406255
2135406328
2135406401
2135406474
2135406547
2135406632
2135406717
2135406790
2135406875
2135406948
2135407021
2135407106
2135407179
2135407252
2135407325
2135407398
2135407483
2135407556
2135407617
2135407702
2135451150
2135451223
2135451296
2135451369
2135451442
2135451515
2135451588
2135451661
2135451746
2135451855
2135451964
2135452037
2135452098
2135452231
2135452304
2135452425
2135452498
2135452571
2135452644
2135452717
2135452778
2135452851
2135452924
2135453033
2135453106
2135453179
2135453264
2135453337
2135453410
2135453483
2135453556
2135453653
2135453726
2135453799
2135453872
2135453945
2135454018
2135454127
2135454212
2135454381
2135454454
2135454527
2135454600
2135454673
2135454818
2135454939
2135455012
2135455097
2135455218
2135455291
2135455364
2135455425
2135455510
2135455595
2135455668
2135455741
2135455814
2135455887
2135456008
2135456105
2135456178
2135456251
2135456312
2135456385
2135456470
2135456543
2135456616
2135456689
2135456762
2135456835
2135456920
2135456993
2135457066
2135457139
2135457236
2135457321
2135457418
2135457491
2135457576
2135457661
2135457770
2135457843
2135457928
2135458001
2135458122
2135458231
2135458304
2135458425
2135458534
2135458607
2135458764
2135458837
2135458910
2135458995
2135459068
2135459129
2135459214
2135459323
2135459456
2135459529
2135459686
2135459759
2135459832
2135459905
2135459978
2135460051
2135460112
2135460185
2135460258
2135460331
2135460416
2135460489
2135460562
2135460635
2135460708
2135460781
2135460866
2135460939
2135461012
2135461085
2135461170
2135461243
2135461400
2135461605
2135461714
2135461787
2135461884
2135462029
2135462102
2135462175
2135462248
2135462321
2135462382
2135462455
2135462540
2135462649
2135462734
2135462807
2135462880
2135462953
2135463026
2135463099
2135463172
2135463245
2135463318
2135463391
2135463464
2135463537
2135463622
2135463695
2135463780
2135463841
2135463902
2135463987
2135464060
2135464145
2135464218
2135464291
2135464364
2135464437
2135464510
2135464595
2135464668
2135464741
2135464814
2135464899
2135465044
2135465117
2135465202
2135465263
2135465324
2135465397
2135465470
2135465555
2135465628
2135465689
2135465762
2135465823
2135465920
2135465981
2135466054
2135466127
2135466200
2135466273
2135466358
2135466431
2135466504
2135509948
2135510021
2135510082
2135510155
2135510240
2135510349
2135510446
2135510567
2135510652
2135510737
2135510798
2135510907
2135510968
2135511041
2135511114
2135511211
2135511284
2135511381
2135511466
2135511587
2135511660
2135511769
2135511842
2135511951
2135512048
2135512193
2135512266
2135512339
2135512448
2135512545
2135512606
2135512679
2135512752
2135512837
2135512982
2135513055
2135513164
2135513237
2135513298
2135513371
2135513432
2135513505
2135513578
2135513663
2135513784
2135513857
2135513918
2135513979
2135514040
2135514113
2135514174
2135514247
2135514332
2135514489
2135514598
2135514671
2135514744
2135514805
2135514974
2135515047
2135515156
2135515217
2135515290
2135515351
2135515436
2135515497
2135515570
2135515751
2135515860
2135515933
2135516006
2135516079
2135516140
2135516201
2135516274
2135516335
2135516420
2135516541
2135516614
2135516687
2135516760
2135516869
2135516942
2135517027
2135517100
2135517257
2135517330
2135517439
2135517560
2135517705
2135517826
2135517935
2135518008
2135518081
2135518154
2135518239
2135518348
2135518409
2135518482
2135518555
2135518628
2135518701
2135518774
2135518847
2135518920
2135518993
2135519126
2135519271
2135519380
2135519465
2135519562
2135519683
2135519756
2135519889
2135519974
2135520059
2135520168
2135520241
2135520326
2135520435
2135520592
2135520653
2135520894
2135521003
2135521124
2135521197
2135521306
2135521379
2135521464
2135521537
2135521610
2135521683
2135521756
2135521841
2135521986
2135522071
2135522216
2135522289
2135522362
2135522459
2135522544
2135522605
2135522750
2135522847
2135522944
2135523017
2135523114
2135523199
2135523272
2135523381
2135523454
2135523623
2135523732
2135523805
2135523878
2135523999
2135524072
2135524169
2135524254
2135524327
2135524496
2135524605
2135524774
2135524883
2135524992
2135525065
2135525126
2135525199
2135525260
2135525333
2135525430
2135525539
2135525636
2135525793
2135525890
2135525951
2135526024
2135526097
2135526218
2135526291
2135526364
2135526425
2135526498
2135526571
2135526716
2135526837
2135581044
2135581141
2135581298
2135581407
2135581480
2135581577
2135581650
2135581759
2135581856
2135581929
2135582038
2135582099
2135582220
2135582281
2135582402
2135582511
2135582608
2135582729
2135582838
2135582983
2135583068
2135583141
2135583274
2135583347
2135583432
2135583505
2135583590
2135583651
2135583772
2135583917
2135584026
2135584099
2135584268
2135584341
2135584414
2135584523
2135584620
2135584729
2135584862
2135584935
2135585020
2135585129
2135585202
2135585311
2135585384
2135585457
2135585566
2135585639
2135585712
2135585905
2135585978
2135586039
2135586160
2135586233
2135586294
2135586403
2135586476
2135586585
2135586682
2135586815
2135586936
2135586997
2135587106
2135587179
2135587324
2135587481
2135587590
2135587663
2135587784
2135587845
2135587954
2135588027
2135588124
2135588197
2135588294
2135588367
2135588476
2135588549
2135588646
2135588719
2135588828
2135588901
2135589058
2135589191
2135589300
2135589373
2135589482
2135589555
2135589628
2135589749
2135589870
2135589931
2135590004
2135590101
2135590246
2135590367
2135590452
2135590537
2135590610
2135590719
2135590792
2135590901
2135590974
2135591095
2135591156
2135591229
2135591374
2135591483
2135591544
2135591665
2135591726
2135591799
2135591908
2135591981
2135592090
2135592187
2135592272
2135592345
2135592454
2135592527
2135592672
2135592781
2135592854
2135592999
2135593144
2135593265
2135593338
2135593411
2135593520
2135593593
2135593714
2135593787
2135593932
2135594041
2135594126
2135594223
2135594296
2135594405
2135594502
2135594575
2135594648
2135594757
2135594854
2135594951
2135595024
2135595133
2135595206
2135595315
2135595388
2135595509
2135595582
2135595739
2135595836
2135596005
2135596126
2135596199
2135596296
2135596417
2135596502
2135596611
2135596732
2135596793
2135596866
2135597011
2135597120
2135597181
2135597338
2135597447
2135597520
2135597605
2135597774
2135597871
2135597944
2135598041
2135598150
2135598223
2135598344
2135598453
2135598562
2135598671
2135598732
2135598853
2135598926
