START
3012396033
3012396154
3012396263
3012396372
3012396469
3012396590
3012396699
3012396808
3012396953
3012397062
3012397171
3012397244
3012397365
3012397462
3012397727
3012397800
3012397981
3012398090
3012398199
3012398356
3012398453
3012398598
3012398719
3012398828
3012398937
3012399154
3012399419
3012399528
3012399601
3012399710
3012399807
3012399952
3012400085
3012400206
3012400327
3012400448
3012400557
3012400666
3012400775
3012400872
3012400957
3012401054
3012401151
3012401296
3012401417
3012401514
3012401635
3012401816
3012401925
3012401986
3012402095
3012402192
3012402301
3012402410
3012402471
3012402592
3012402713
3012402834
3012402955
3012403076
3012403161
3012403258
3012403331
3012403440
3012403549
3012403646
3012403755
3012403828
3012403937
3012404058
3012404167
3012404276
3012404385
3012404446
3012404567
3012404676
3012404797
3012404918
3012405003
3012505233
3012505366
3012505487
3012505596
3012505705
3012505826
3012505935
3012506044
3012506153
3012506370
3012506455
3012506564
3012506673
3012506806
3012506903
3012506988
3012507097
3012507266
3012507351
3012507448
3012507593
3012507690
3012507787
3012507896
3012508005
3012508150
3012508247
3012508344
3012508501
3012508586
3012508683
3012508792
3012508901
3012509022
3012509143
3012509240
3012509349
3012509470
3012509615
3012509688
3012509821
3012509906
3012510015
3012510124
3012510233
3012510330
3012510475
3012510572
3012510657
3012510766
3012510887
3012510984
3012511189
3012511262
3012511347
3012511444
3012511553
3012511710
3012511795
3012511892
3012512013
3012512122
3012512219
3012512376
3012512473
3012512570
3012512691
3012512812
3012512909
3012513006
3012513127
3012513248
3012513357
3012513442
3012513623
3012513732
3012513841
3012513950
3012514083
3012514204
3012514301
3012514398
3012514495
3012514604
3012514701
3012514810
3012514919
3012515028
3012515185
3012515294
3012515403
3012515488
3012515597
3012515694
3012515803
3012515888
3012515985
3012516130
3012516239
3012516336
3012516421
3012516518
3012516627
3012516784
3012516881
3012516978
3012517147
3012517268
3012517473
3012517534
3012517643
3012517752
3012517873
3012517958
3012518055
3012518164
3012518309
3012518394
3012518503
3012518600
3012518709
3012518866
3012518963
3012519048
3012519145
3012519254
3012519411
3012519520
3012519617
3012519714
3012519811
3012519920
3012520113
3012520282
3012520379
3012520452
3012520549
3012520646
3012520743
3012520876
3012520973
3012521082
3012521179
3012521288
3012521397
3012521494
3012521591
3012521700
3012521845
3012521942
3012522051
3012522172
3012522293
3012522402
3012522523
3012522620
3012522789
3012522862
3012522959
3012523056
3012523165
3012523250
3012523359
3012523480
3012523577
3012523698
3012523795
3012523904
3012524025
3012524218
3012524351
3012524448
3012524641
3012524738
3012524835
3012524896
3012525005
3012525114
3012525211
3012525356
3012525441
3012525550
3012525647
3012525756
3012586714
3012586823
3012586932
3012587029
3012587138
3012587331
3012587452
3012587549
3012587646
3012587755
3012587864
3012587961
3012588058
3012588155
3012588312
3012588397
3012588482
3012588579
3012588724
3012588833
3012588942
3012589039
3012589124
3012589209
3012589306
3012589427
3012589524
3012589633
3012589730
3012589827
3012589972
3012590057
3012590154
3012590263
3012590348
3012590445
3012590554
3012590663
3012590760
3012590869
3012590966
3012591063
3012591172
3012591269
3012591366
3012591475
3012591560
3012591669
3012591766
3012591887
3012591972
3012592081
3012592190
3012592299
3012592408
3012592505
3012592614
3012592723
3012592820
3012592929
3012593038
3012593123
3012593220
3012593317
3012593414
3012593475
3012593572
3012593645
3012593742
3012593839
3012593948
3012594021
3012594094
3012594179
3012594276
3012594373
3012594530
3012594615
3012594724
3012594821
3012594918
3012595015
3012595112
3012595197
3012595294
3012595379
3012595476
3012595573
3012595682
3012595791
3012595888
3012596009
3012596082
3012596179
3012596288
3012596397
3012596506
3012596615
3012596724
3012596833
3012597062
3012597135
3012597244
3012597341
3012597438
3012597547
3012597644
3012597741
3012597850
3012597959
3012598032
3012598141
3012598250
3012598335
3012598444
3012598541
3012598626
3012598735
3012598844
3012598941
3012599038
3012599243
3012599340
3012599449
3012599546
3012599631
3012599728
3012599837
3012599922
3012600019
3012600092
3012600237
3012600322
3012600419
3012600516
3012600625
3012600734
3012600831
3012600928
3012601037
3012601134
3012601243
3012601340
3012601437
3012601534
3012601631
3012601728
3012601849
3012601934
3012602043
3012602140
3012602237
3012602334
3012602443
3012602540
3012602637
3012602746
3012602855
3012602952
3012603049
3012603146
3012603267
3012603364
3012603461
3012603570
3012603655
3012603764
3012603921
3012603994
3012604079
3012604176
3012604285
3012604394
3012604551
3012604636
3012604721
3012604830
3012604927
3012605012
3012605085
3012605194
3012659162
3012659259
3012659368
3012659465
3012659562
3012659659
3012659756
3012659853
3012659950
3012660059
3012660144
3012660241
3012660338
3012660423
3012660520
3012660617
3012660702
3012660811
3012660896
3012661005
3012661102
3012661175
3012661248
3012661345
3012661442
3012661539
3012661624
3012661709
3012661782
3012661879
3012661964
3012662061
3012662158
3012662231
3012662340
3012662425
3012662522
3012662619
3012662716
3012662801
3012662898
3012662983
3012663068
3012663165
3012663238
3012663335
3012663432
3012663529
3012663626
3012663711
3012663796
3012663905
3012663978
3012664075
3012664172
3012664245
3012664342
3012664427
3012664524
3012664633
3012664706
3012664815
3012664924
3012664997
3012665082
3012665179
3012665288
3012665373
3012665470
3012665567
3012665676
3012665773
3012665858
3012665955
3012666064
3012666173
3012666270
3012666355
3012666440
3012666537
3012666646
3012666743
3012666828
3012666925
3012667022
3012667119
3012667228
3012667301
3012667410
3012667507
3012667592
3012667689
3012667774
3012667859
3012667944
3012668041
3012668150
3012668223
3012668308
3012668453
3012668526
3012668611
3012668696
3012668793
3012668890
3012668987
3012669072
3012669157
3012669242
3012669387
3012669460
3012669545
3012669654
3012669727
3012669824
3012669933
3012670018
3012670127
3012670212
3012670309
3012670394
3012670491
3012670588
3012670685
3012670770
3012670867
3012670940
3012671013
3012671110
3012671195
3012671280
3012671353
3012671450
3012671547
3012671644
3012671729
3012671826
3012671923
3012672008
3012672093
3012672190
3012672275
3012672372
3012672457
3012672554
3012672675
3012672760
3012672857
3012672942
3012673039
3012673112
3012673209
3012673318
3012673415
3012673488
3012673573
3012673682
3012673767
3012673840
3012673913
3012673998
3012674107
3012674276
3012674373
3012674458
3012674543
3012674616
3012674701
3012674798
3012674883
3012674968
3012675065
3012675150
3012675247
3012675344
3012675417
3012675514
3012675611
3012675708
3012675793
3012675890
3012675999
3012726817
3012726914
3012726999
3012727120
3012727181
3012727290
3012727363
3012727448
3012727533
3012727618
3012727715
3012727812
3012727909
3012728018
3012728091
3012728200
3012728285
3012728358
3012728443
3012728564
3012728637
3012728746
3012728819
3012728892
3012728989
3012729062
3012729159
3012729256
3012729341
3012729426
3012729499
3012729584
3012729669
3012729766
3012729839
3012729912
3012730009
3012730106
3012730179
3012730276
3012730361
3012730446
3012730543
3012730628
3012730701
3012730798
3012730895
3012730992
3012731065
3012731150
3012731235
3012731320
3012731393
3012731466
3012731551
3012731636
3012731733
3012731818
3012731891
3012731964
3012732049
3012732146
3012732231
3012732304
3012732401
3012732486
3012732571
3012732656
3012732729
3012732802
3012732899
3012732984
3012733057
3012733130
3012733215
3012733300
3012733373
3012733482
3012733579
3012733652
3012733737
3012733894
3012733955
3012734028
3012734089
3012734198
3012734271
3012734344
3012734405
3012734478
3012734563
3012734636
3012734709
3012734818
3012734903
3012734976
3012735049
3012735134
3012735207
3012735280
3012735353
3012735438
3012735535
3012735608
3012735681
3012735790
3012735887
3012735960
3012736165
3012736238
3012736311
3012736396
3012736481
3012736566
3012736639
3012736724
3012736797
3012736870
3012736955
3012737028
3012737137
3012737210
3012737295
3012737380
3012737441
3012737526
3012737623
3012737708
3012737793
3012737866
3012737951
3012738024
3012738109
3012738194
3012738279
3012738376
3012738473
3012738558
3012738643
3012738728
3012738837
3012738910
3012738983
3012739068
3012739153
3012739238
3012739311
3012739408
3012739505
3012739614
3012739699
3012739772
3012739857
3012739942
3012740039
3012740148
3012740221
3012740318
3012740391
3012740464
3012740549
3012740658
3012740731
3012740828
3012740901
3012740986
3012741071
3012741168
3012741241
3012741326
3012741399
3012741496
3012741593
3012741690
3012741763
3012741860
3012741945
3012742042
3012742115
3012742212
3012742309
3012742394
3012742455
3012742528
3012788105
3012788178
3012788251
3012788360
3012788433
3012788530
3012788603
3012788688
3012788773
3012788858
3012788955
3012789028
3012789173
3012789282
3012789367
3012789440
3012789525
3012789610
3012789695
3012789768
3012789841
3012789914
3012789999
3012790072
3012790145
3012790254
3012790339
3012790424
3012790509
3012790582
3012790655
3012790728
3012790801
3012790886
3012790983
3012791056
3012791153
3012791238
3012791323
3012791396
3012791469
3012791542
3012791639
3012791712
3012791785
3012791870
3012791967
3012792040
3012792149
3012792222
3012792307
3012792392
3012792489
3012792574
3012792659
3012792744
3012792829
3012792926
3012792987
3012793072
3012793157
3012793242
3012793327
3012793400
3012793485
3012793558
3012793643
3012793728
3012793801
3012793874
3012793947
3012794020
3012794081
3012794166
3012794227
3012794300
3012794385
3012794458
3012794531
3012794604
3012794677
3012794762
3012794859
3012794932
3012795005
3012795066
3012795151
3012795224
3012795309
3012795394
3012795479
3012795564
3012795637
3012795710
3012795783
3012795880
3012795953
3012796026
3012796099
3012796172
3012796269
3012796354
3012796439
3012796584
3012796657
3012796730
3012796803
3012796876
3012796973
3012797046
3012797143
3012797228
3012797313
3012797386
3012797459
3012797544
3012797617
3012797702
3012797787
3012797860
3012797957
3012798030
3012798115
3012798188
3012798273
3012798334
3012798419
3012798492
3012798565
3012798638
3012798699
3012798784
3012798857
3012798930
3012799015
3012799100
3012799185
3012799270
3012799367
3012799452
3012799525
3012799610
3012799683
3012799756
3012799853
3012799926
3012800023
3012800096
3012800169
3012800254
3012800327
3012800412
3012800485
3012800570
3012800643
3012800740
3012800813
3012800886
3012800983
3012801056
3012801153
3012801226
3012801311
3012801384
3012801469
3012801554
3012801627
3012801700
3012801785
3012801858
3012801943
3012802004
3012802089
3012802174
3012802259
3012802344
3012802417
3012802502
3012802575
3012802648
3012802721
3012802794
3012802867
3012844172
3012844245
3012844342
3012844403
3012844476
3012844549
3012844622
3012844695
3012844768
3012844841
3012844914
3012844987
3012845060
3012845133
3012845218
3012845279
3012845352
3012845425
3012845498
3012845571
3012845644
3012845729
3012845838
3012845911
3012845984
3012846057
3012846142
3012846215
3012846288
3012846361
3012846422
3012846495
3012846580
3012846665
3012846738
3012846811
3012846896
3012846969
3012847042
3012847115
3012847200
3012847273
3012847334
3012847419
3012847492
3012847565
3012847638
3012847711
3012847784
3012847857
3012848134
3012848207
3012848292
3012848365
3012848450
3012848511
3012848584
3012848669
3012848742
3012848827
3012848900
3012848985
3012849046
3012849131
3012849216
3012849301
3012849458
3012849531
3012849604
3012849677
3012849750
3012849811
3012849884
3012849969
3012850042
3012850115
3012850248
3012850321
3012850382
3012850455
3012850540
3012850613
3012850758
3012850831
3012850916
3012850989
3012851062
3012851171
3012851268
3012851341
3012851414
3012851475
3012851548
3012851621
3012851694
3012851779
3012851852
3012851925
3012851998
3012852107
3012852192
3012852265
3012852338
3012852411
3012852484
3012852629
3012852702
3012852775
3012852848
3012852921
3012853006
3012853091
3012853212
3012853273
3012853358
3012853431
3012853504
3012853661
3012853722
3012853807
3012853880
3012854073
3012854194
3012854267
3012854472
3012854557
3012854630
3012854715
3012854776
3012854849
3012854922
3012854995
3012855200
3012855345
3012855466
3012855539
3012855612
3012855685
3012855758
3012855831
3012855892
3012855965
3012856038
3012856123
3012856196
3012856269
3012856330
3012856415
3012856500
3012856585
3012856670
3012856755
3012856924
3012856997
3012857082
3012857143
3012857216
3012857301
3012857374
3012857459
3012857532
3012857605
3012857726
3012857835
3012857908
3012857981
3012858042
3012858115
3012858200
3012858273
3012858370
3012858431
3012858504
3012858565
3012858638
3012858711
3012858784
3012858857
3012858930
3012859003
3012859076
3012859149
3012859210
3012859307
3012859380
3012859453
3012906493
3012906554
3012906627
3012906700
3012906773
3012906834
3012906955
3012907028
3012907113
3012907186
3012907259
3012907404
3012907525
3012907598
3012907683
3012907756
3012907913
3012907986
3012908119
3012908192
3012908265
3012908338
3012908411
3012908484
3012908557
3012908630
3012908775
3012908848
3012908933
3012909126
3012909247
3012909320
3012909429
3012909526
3012909599
3012909672
3012909745
3012909854
3012909939
3012910012
3012910085
3012910158
3012910243
3012910352
3012910437
3012910510
3012910583
3012910668
3012910729
3012910790
3012910863
3012910984
3012911069
3012911142
3012911215
3012911288
3012911361
3012911422
3012911495
3012911616
3012911725
3012911834
3012911931
3012912016
3012912089
3012912162
3012912259
3012912392
3012912453
3012912526
3012912599
3012912660
3012912733
3012912890
3012912963
3012913036
3012913193
3012913362
3012913483
3012913580
3012913653
3012913858
3012913955
3012914028
3012914101
3012914186
3012914259
3012914404
3012914549
3012914658
3012914731
3012914804
3012914877
3012914950
3012915035
3012915108
3012915217
3012915362
3012915471
3012915544
3012915629
3012915702
3012915775
3012915848
3012915969
3012916102
3012916223
3012916296
3012916369
3012916442
3012916527
3012916600
3012916685
3012916758
3012916831
3012916904
3012917025
3012917110
3012917183
3012917256
3012917341
3012917402
3012917475
3012917560
3012917705
3012917874
3012917995
3012918164
3012918249
3012918322
3012918395
3012918480
3012918625
3012918722
3012918795
3012918868
3012918941
3012919014
3012919159
3012919244
3012919485
3012919606
3012919679
3012919752
3012919825
3012919886
3012919995
3012920104
3012920177
3012920250
3012920359
3012920432
3012920505
3012920578
3012920651
3012920724
3012920845
3012920918
3012920991
3012921064
3012921137
3012921222
3012921295
3012921368
3012921477
3012921598
3012921659
3012921732
3012921853
3012921926
3012921999
3012922084
3012922157
3012922230
3012922363
3012922436
3012922509
3012922642
3012922715
3012922788
3012922945
3012923018
3012923163
3012923272
3012923345
3012923418
3012923491
3012970291
3012970364
3012970437
3012970510
3012970655
3012970728
3012970801
3012971006
3012971067
3012971140
3012971213
3012971274
3012971395
3012971516
3012971601
3012971662
3012971771
3012971880
3012971953
3012972026
3012972159
3012972232
3012972305
3012972378
3012972523
3012972596
3012972669
3012972730
3012972815
3012972948
3012973009
3012973082
3012973155
3012973228
3012973313
3012973422
3012973483
3012973568
3012973653
3012973798
3012973955
3012974100
3012974257
3012974366
3012974439
3012974512
3012974585
3012974694
3012974779
3012974852
3012974925
3012975082
3012975191
3012975264
3012975337
3012975410
3012975615
3012975688
3012975761
3012975870
3012975931
3012975992
3012976065
3012976174
3012976235
3012976308
3012976381
3012976526
3012976647
3012976720
3012976793
3012976866
3012976939
3012977012
3012977121
3012977194
3012977279
3012977352
3012977425
3012977558
3012977631
3012977704
3012977765
3012977838
3012977911
3012978020
3012978129
3012978202
3012978275
3012978348
3012978421
3012978578
3012978651
3012978784
3012978857
3012978930
3012979051
3012979124
3012979197
3012979354
3012979427
3012979644
3012979705
3012979766
3012979839
3012979912
3012979985
3012980058
3012980131
3012980204
3012980289
3012980398
3012980471
3012980544
3012980617
3012980690
3012980775
3012980908
3012980981
3012981054
3012981163
3012981236
3012981309
3012981394
3012981515
3012981600
3012981745
3012981818
3012981915
3012981976
3012982037
3012982194
3012982303
3012982400
3012982473
3012982546
3012982655
3012982728
3012982789
3012982874
3012982947
3012983068
3012983141
3012983214
3012983287
3012983408
3012983481
3012983566
3012983651
3012983760
3012983857
3012983930
3012984051
3012984112
3012984185
3012984258
3012984355
3012984428
3012984501
3012984610
3012984671
3012984756
3012984817
3012984926
3012984987
3012985072
3012985145
3012985254
3012985327
3012985400
3012985497
3012985606
3012985679
3012985752
3012985837
3012985934
3012986007
3012986092
3012986165
3012986226
3012986299
3012986372
3012986445
3012986542
3012986615
3013034953
3013035050
3013035159
3013035232
3013035317
3013035426
3013035499
3013035560
3013035717
3013035898
3013035995
3013036068
3013036177
3013036250
3013036311
3013036384
3013036493
3013036554
3013036627
3013036700
3013036809
3013036882
3013036943
3013037052
3013037125
3013037186
3013037307
3013037380
3013037453
3013037562
3013037635
3013037756
3013037829
3013037902
3013037975
3013038084
3013038145
3013038218
3013038327
3013038436
3013038509
3013038570
3013038631
3013038704
3013038861
3013038970
3013039043
3013039152
3013039225
3013039334
3013039419
3013039492
3013039553
3013039626
3013039735
3013039796
3013039869
3013039990
3013040063
3013040136
3013040197
3013040270
3013040415
3013040536
3013040609
3013040718
3013040791
3013040936
3013041105
3013041202
3013041275
3013041348
3013041457
3013041530
3013041603
3013041712
3013041785
3013041882
3013041955
3013042028
3013042137
3013042234
3013042355
3013042428
3013042501
3013042610
3013042683
3013042756
3013042853
3013042926
3013043047
3013043108
3013043229
3013043302
3013043423
3013043496
3013043629
3013043702
3013043811
3013043884
3013043945
3013044018
3013044127
3013044200
3013044345
3013044418
3013044563
3013044672
3013044745
3013044818
3013044879
3013044952
3013045013
3013045134
3013045195
3013045268
3013045341
3013045450
3013045523
3013045608
3013045681
3013045826
3013045899
3013045972
3013046081
3013046166
3013046275
3013046348
3013046505
3013046614
3013046687
3013046796
3013046881
3013046954
3013047039
3013047100
3013047245
3013047354
3013047475
3013047596
3013047693
3013047766
3013047851
3013047912
3013047973
3013048094
3013048155
3013048276
3013048373
3013048482
3013048555
3013048664
3013048737
3013048858
3013048931
3013049040
3013049113
3013049222
3013049307
3013049380
3013049489
3013049562
3013049623
3013049732
3013049805
3013049878
3013049999
3013050072
3013050253
3013050326
3013050435
3013050508
3013050593
3013050690
3013050763
3013050836
3013050993
3013051114
3013051211
3013051284
3013051357
3013051502
3013051623
3013051708
3013051781
3013051890
